Xcoord	Ycoord	Beam	chan0	chan0 norm	chan2	chan2 norm	chan3	chan3 norm	
-75.0000	0.0000	1.5565	0.0228	0.0147	0.0009	0.0006	6.5175	4.1873
-74.5000	0.0000	1.5572	0.0255	0.0164	0.0783	0.0503	6.6143	4.2475
-74.0000	0.0000	1.5568	0.0265	0.0170	0.0088	0.0057	6.6177	4.2507
-73.5000	0.0000	1.5571	0.0413	0.0265	0.0005	0.0003	6.6559	4.2745
-73.0000	0.0000	1.5571	0.0415	0.0266	0.0000	0.0000	6.6830	4.2919
-72.5000	0.0000	1.5571	0.0339	0.0218	0.0011	0.0007	6.7885	4.3598
-72.0000	0.0000	1.5563	0.0603	0.0387	0.0019	0.0012	6.8854	4.4243
-71.5000	0.0000	1.5562	0.0493	0.0317	0.0006	0.0004	6.8944	4.4303
-71.0000	0.0000	1.5565	0.0411	0.0264	0.0004	0.0003	6.8885	4.4257
-70.5000	0.0000	1.5567	0.0377	0.0242	0.0000	0.0000	7.0423	4.5238
-70.0000	0.0000	1.5564	0.0536	0.0345	0.0138	0.0089	7.1282	4.5800
-69.5000	0.0000	1.5567	0.0457	0.0293	0.0008	0.0005	7.1183	4.5727
-69.0000	0.0000	1.5564	0.0419	0.0270	0.0016	0.0010	7.2010	4.6266
-68.5000	0.0000	1.5568	0.0486	0.0312	0.0003	0.0002	7.3269	4.7066
-68.0000	0.0000	1.5563	0.0360	0.0231	0.0003	0.0002	7.3220	4.7048
-67.5000	0.0000	1.5564	0.0353	0.0227	0.0011	0.0007	7.4461	4.7841
-67.0000	0.0000	1.5566	0.0270	0.0173	0.0004	0.0003	7.4663	4.7965
-66.5000	0.0000	1.5561	0.0304	0.0195	0.0002	0.0001	7.4722	4.8019
-66.0000	0.0000	1.5560	0.0424	0.0272	0.0014	0.0009	7.5858	4.8752
-65.5000	0.0000	1.5562	0.0455	0.0292	0.0099	0.0064	7.7295	4.9667
-65.0000	0.0000	1.5565	0.0466	0.0299	0.0004	0.0003	7.7292	4.9658
-64.5000	0.0000	1.5571	0.0593	0.0381	0.0014	0.0009	7.7463	4.9748
-64.0000	0.0000	1.5570	0.0358	0.0230	0.0005	0.0003	7.8130	5.0179
-63.5000	0.0000	1.5565	0.0685	0.0440	0.0000	0.0000	7.9985	5.1388
-63.0000	0.0000	1.5563	0.0406	0.0261	0.0002	0.0001	7.9998	5.1403
-62.5000	0.0000	1.5563	0.0514	0.0330	0.0004	0.0003	8.0994	5.2043
-62.0000	0.0000	1.5562	0.0437	0.0281	0.0003	0.0002	8.1697	5.2497
-61.5000	0.0000	1.5570	0.0404	0.0260	0.0005	0.0003	8.1866	5.2579
-61.0000	0.0000	1.5572	0.0499	0.0320	0.0002	0.0001	8.2270	5.2831
-60.5000	0.0000	1.5566	0.0390	0.0250	0.0000	0.0000	8.2963	5.3298
-60.0000	0.0000	1.5569	0.0381	0.0245	0.0046	0.0030	8.4087	5.4008
-59.5000	0.0000	1.5566	0.0315	0.0202	0.0106	0.0068	8.3629	5.3724
-59.0000	0.0000	1.5567	0.0519	0.0334	0.0140	0.0090	8.5933	5.5202
-58.5000	0.0000	1.5562	0.0563	0.0362	0.0197	0.0126	8.6113	5.5335
-58.0000	0.0000	1.5560	0.0552	0.0355	0.0007	0.0005	8.7213	5.6048
-57.5000	0.0000	1.5564	0.0361	0.0232	0.0015	0.0009	8.6376	5.5497
-57.0000	0.0000	1.5567	0.0474	0.0304	0.0094	0.0060	8.7002	5.5888
-56.5000	0.0000	1.5572	0.0440	0.0282	0.0008	0.0005	8.8517	5.6843
-56.0000	0.0000	1.5563	0.0602	0.0387	0.0005	0.0003	8.9282	5.7367
-55.5000	0.0000	1.5562	0.0505	0.0325	0.0058	0.0037	9.0341	5.8051
-55.0000	0.0000	1.5571	0.0440	0.0282	0.0204	0.0131	9.0915	5.8389
-54.5000	0.0000	1.5567	0.0590	0.0379	0.0013	0.0008	9.2285	5.9281
-54.0000	0.0000	1.5567	0.0442	0.0284	0.0016	0.0010	9.2132	5.9186
-53.5000	0.0000	1.5561	0.0506	0.0325	0.0010	0.0006	9.3383	6.0013
-53.0000	0.0000	1.5575	0.0403	0.0259	0.0006	0.0004	9.2857	5.9620
-52.5000	0.0000	1.5550	0.0404	0.0260	0.0013	0.0008	9.4181	6.0566
-52.0000	0.0000	1.5555	0.0541	0.0348	0.0000	0.0000	9.5029	6.1090
-51.5000	0.0000	1.5568	0.0342	0.0220	0.0005	0.0003	9.5668	6.1453
-51.0000	0.0000	1.5570	0.0606	0.0389	0.0083	0.0053	9.6298	6.1847
-50.5000	0.0000	1.5570	0.0548	0.0352	0.0008	0.0005	9.6606	6.2047
-50.0000	0.0000	1.5562	0.0488	0.0313	0.0014	0.0009	9.7786	6.2836
-49.5000	0.0000	1.5559	0.0466	0.0299	0.0008	0.0005	9.8793	6.3496
-49.0000	0.0000	1.5561	0.0450	0.0289	0.0006	0.0004	10.0878	6.4826
-48.5000	0.0000	1.5563	0.0466	0.0300	0.0003	0.0002	9.9822	6.4140
-48.0000	0.0000	1.5564	0.0613	0.0394	0.0010	0.0006	10.1046	6.4923
-47.5000	0.0000	1.5565	0.0475	0.0305	0.0011	0.0007	10.1538	6.5235
-47.0000	0.0000	1.5566	0.0490	0.0315	0.0018	0.0012	10.3253	6.6331
-46.5000	0.0000	1.5567	0.0562	0.0361	0.0006	0.0004	10.3031	6.6186
-46.0000	0.0000	1.5573	0.0609	0.0391	0.0003	0.0002	10.3868	6.6696
-45.5000	0.0000	1.5567	0.0460	0.0296	0.0008	0.0005	10.4584	6.7183
-45.0000	0.0000	1.5565	0.0592	0.0380	0.0000	0.0000	10.5988	6.8094
-44.5000	0.0000	1.5569	0.0619	0.0398	0.0005	0.0003	10.6753	6.8568
-44.0000	0.0000	1.5571	0.0572	0.0368	0.0219	0.0141	10.6642	6.8488
-43.5000	0.0000	1.5562	0.0471	0.0302	0.0002	0.0001	10.7601	6.9144
-43.0000	0.0000	1.5567	0.0457	0.0293	0.0010	0.0006	10.8621	6.9774
-42.5000	0.0000	1.5570	0.0639	0.0410	0.0012	0.0008	10.9749	7.0487
-42.0000	0.0000	1.5568	0.0533	0.0342	0.0012	0.0008	11.0085	7.0713
-41.5000	0.0000	1.5564	0.0634	0.0407	0.0003	0.0002	10.9743	7.0510
-41.0000	0.0000	1.5569	0.0633	0.0406	0.0004	0.0003	11.1931	7.1896
-40.5000	0.0000	1.5563	0.0488	0.0314	0.0014	0.0009	11.1588	7.1700
-40.0000	0.0000	1.5567	0.0409	0.0263	0.0037	0.0024	11.3256	7.2756
-39.5000	0.0000	1.5561	0.0701	0.0450	0.0010	0.0006	11.4802	7.3777
-39.0000	0.0000	1.5567	0.0460	0.0295	0.0003	0.0002	11.5370	7.4112
-38.5000	0.0000	1.5569	0.0641	0.0412	0.0077	0.0049	11.6097	7.4572
-38.0000	0.0000	1.5566	0.0722	0.0464	0.0002	0.0001	11.8183	7.5924
-37.5000	0.0000	1.5569	0.0631	0.0405	0.0005	0.0003	11.7022	7.5165
-37.0000	0.0000	1.5567	0.0648	0.0416	0.0106	0.0068	11.7192	7.5282
-36.5000	0.0000	1.5568	0.0705	0.0453	0.0260	0.0167	11.9384	7.6686
-36.0000	0.0000	1.5566	0.0628	0.0404	0.0012	0.0008	11.9704	7.6901
-35.5000	0.0000	1.5567	0.0659	0.0423	0.0004	0.0002	11.9879	7.7007
-35.0000	0.0000	1.5565	0.0715	0.0460	0.0029	0.0019	12.1458	7.8033
-34.5000	0.0000	1.5572	0.0588	0.0378	0.0004	0.0003	12.2467	7.8647
-34.0000	0.0000	1.5570	0.0782	0.0502	0.0000	0.0000	12.3500	7.9317
-33.5000	0.0000	1.5564	0.0712	0.0457	0.0054	0.0034	12.2710	7.8844
-33.0000	0.0000	1.5568	0.0591	0.0379	0.0015	0.0010	12.3487	7.9322
-32.5000	0.0000	1.5563	0.0672	0.0432	0.0004	0.0003	12.6288	8.1146
-32.0000	0.0000	1.5557	0.0585	0.0376	0.0009	0.0006	12.5773	8.0848
-31.5000	0.0000	1.5563	0.0700	0.0450	0.0003	0.0002	12.6316	8.1163
-31.0000	0.0000	1.5560	0.0625	0.0401	0.0000	0.0000	12.7143	8.1712
-30.5000	0.0000	1.5563	0.0794	0.0510	0.0013	0.0009	12.7592	8.1985
-30.0000	0.0000	1.5565	0.0572	0.0368	0.0003	0.0002	12.8992	8.2871
-29.5000	0.0000	1.5569	0.0656	0.0421	0.0109	0.0070	12.9193	8.2983
-29.0000	0.0000	1.5567	0.0615	0.0395	0.0050	0.0032	12.9091	8.2926
-28.5000	0.0000	1.5565	0.0493	0.0316	0.0000	0.0000	13.1418	8.4431
-28.0000	0.0000	1.5569	0.0684	0.0440	0.0009	0.0006	13.0309	8.3700
-27.5000	0.0000	1.5569	0.0617	0.0396	0.0000	0.0000	13.2526	8.5123
-27.0000	0.0000	1.5572	0.0730	0.0469	0.0004	0.0003	13.2390	8.5020
-26.5000	0.0000	1.5573	0.0693	0.0445	0.0004	0.0003	13.2774	8.5261
-26.0000	0.0000	1.5567	0.0644	0.0414	0.0005	0.0003	13.4303	8.6272
-25.5000	0.0000	1.5567	0.0674	0.0433	0.0005	0.0003	13.5145	8.6813
-25.0000	0.0000	1.5566	0.0557	0.0358	0.0005	0.0003	13.4188	8.6208
-24.5000	0.0000	1.5568	0.0642	0.0412	0.0000	0.0000	13.5509	8.7045
-24.0000	0.0000	1.5571	0.0625	0.0401	0.0006	0.0004	13.5771	8.7195
-23.5000	0.0000	1.5563	0.0733	0.0471	0.0006	0.0004	13.6713	8.7844
-23.0000	0.0000	1.5564	0.0691	0.0444	0.0017	0.0011	13.7646	8.8440
-22.5000	0.0000	1.5566	0.0598	0.0384	0.0023	0.0015	13.8153	8.8750
-22.0000	0.0000	1.5572	0.0712	0.0457	0.0000	0.0000	13.8201	8.8751
-21.5000	0.0000	1.5573	0.0583	0.0374	0.0003	0.0002	13.8549	8.8965
-21.0000	0.0000	1.5568	0.0679	0.0436	0.0004	0.0003	13.8584	8.9021
-20.5000	0.0000	1.5556	0.0758	0.0487	0.0005	0.0003	13.8463	8.9007
-20.0000	0.0000	1.5543	0.0762	0.0490	0.0004	0.0003	14.0362	9.0306
-19.5000	0.0000	1.5565	0.0713	0.0458	0.0007	0.0004	14.0058	8.9983
-19.0000	0.0000	1.5571	0.0664	0.0427	0.0019	0.0012	14.0524	9.0245
-18.5000	0.0000	1.5567	0.0702	0.0451	0.0002	0.0002	14.2259	9.1384
-18.0000	0.0000	1.5561	0.0679	0.0436	0.0004	0.0002	14.1464	9.0908
-17.5000	0.0000	1.5563	0.0839	0.0539	0.0004	0.0003	14.2865	9.1797
-17.0000	0.0000	1.5574	0.0776	0.0498	0.0011	0.0007	14.2470	9.1480
-16.5000	0.0000	1.5571	0.0649	0.0417	0.0012	0.0008	14.3381	9.2080
-16.0000	0.0000	1.5565	0.0592	0.0380	0.0176	0.0113	14.2681	9.1666
-15.5000	0.0000	1.5559	0.0740	0.0476	0.0013	0.0008	14.4022	9.2565
-15.0000	0.0000	1.5560	0.0727	0.0467	0.0150	0.0096	14.4639	9.2958
-14.5000	0.0000	1.5569	0.0685	0.0440	0.0010	0.0007	14.4494	9.2807
-14.0000	0.0000	1.5566	0.0704	0.0452	0.0002	0.0001	14.5345	9.3373
-13.5000	0.0000	1.5575	0.0617	0.0396	0.0005	0.0003	14.5330	9.3308
-13.0000	0.0000	1.5569	0.0711	0.0457	0.0174	0.0112	14.5443	9.3420
-12.5000	0.0000	1.5566	0.0682	0.0438	0.0010	0.0006	14.4394	9.2762
-12.0000	0.0000	1.5563	0.0650	0.0417	0.0000	0.0000	14.5679	9.3607
-11.5000	0.0000	1.5563	0.0755	0.0485	0.0008	0.0005	14.7381	9.4698
-11.0000	0.0000	1.5560	0.0798	0.0513	0.0011	0.0007	14.5505	9.3510
-10.5000	0.0000	1.5564	0.0824	0.0530	0.0106	0.0068	14.6139	9.3895
-10.0000	0.0000	1.5566	0.0733	0.0471	0.0000	0.0000	14.6907	9.4377
-9.5000	0.0000	1.5565	0.0687	0.0441	0.0009	0.0006	14.6918	9.4389
-9.0000	0.0000	1.5563	0.0857	0.0551	0.0068	0.0044	14.6604	9.4198
-8.5000	0.0000	1.5569	0.0731	0.0470	0.0112	0.0072	14.6584	9.4149
-8.0000	0.0000	1.5563	0.0702	0.0451	0.0002	0.0002	14.7065	9.4498
-7.5000	0.0000	1.5565	0.0832	0.0534	0.0011	0.0007	14.7373	9.4682
-7.0000	0.0000	1.5570	0.0877	0.0563	0.0012	0.0008	14.8709	9.5507
-6.5000	0.0000	1.5574	0.0736	0.0473	0.0018	0.0011	14.7390	9.4637
-6.0000	0.0000	1.5570	0.0745	0.0479	0.0022	0.0014	14.7773	9.4907
-5.5000	0.0000	1.5568	0.0620	0.0398	0.0002	0.0001	14.7508	9.4748
-5.0000	0.0000	1.5565	0.0618	0.0397	0.0018	0.0012	14.7913	9.5027
-4.5000	0.0000	1.5562	0.0730	0.0469	0.0013	0.0008	14.7484	9.4775
-4.0000	0.0000	1.5569	0.0685	0.0440	0.0002	0.0001	14.7615	9.4811
-3.5000	0.0000	1.5559	0.0810	0.0521	0.0014	0.0009	14.8300	9.5316
-3.0000	0.0000	1.5569	0.0776	0.0498	0.0007	0.0005	14.6463	9.4071
-2.5000	0.0000	1.5565	0.0826	0.0531	0.0005	0.0003	14.7871	9.5003
-2.0000	0.0000	1.5561	0.0759	0.0488	0.0006	0.0004	14.6155	9.3924
-1.5000	0.0000	1.5570	0.0792	0.0509	0.0005	0.0003	14.6769	9.4264
-1.0000	0.0000	1.5567	0.0674	0.0433	0.0009	0.0006	14.7251	9.4594
-0.5000	0.0000	1.5567	0.0752	0.0483	0.0279	0.0179	14.6681	9.4225
0.0000	0.0000	1.5568	0.0676	0.0434	0.0011	0.0007	14.5809	9.3657
0.5000	0.0000	1.5568	0.0708	0.0455	0.0064	0.0041	14.5148	9.3236
1.0000	0.0000	1.5561	0.0766	0.0492	0.0011	0.0007	14.5464	9.3479
1.5000	0.0000	1.5562	0.0712	0.0457	0.0045	0.0029	14.5671	9.3607
2.0000	0.0000	1.5567	0.0819	0.0526	0.0006	0.0004	14.5722	9.3610
2.5000	0.0000	1.5566	0.0726	0.0466	0.0008	0.0005	14.5880	9.3715
3.0000	0.0000	1.5572	0.0773	0.0497	0.0001	0.0000	14.6181	9.3875
3.5000	0.0000	1.5570	0.0754	0.0484	0.0192	0.0123	14.4478	9.2791
4.0000	0.0000	1.5568	0.0793	0.0509	0.0007	0.0005	14.2727	9.1681
4.5000	0.0000	1.5570	0.0659	0.0423	0.0006	0.0004	14.3185	9.1964
5.0000	0.0000	1.5571	0.0817	0.0525	0.0195	0.0125	14.2961	9.1814
5.5000	0.0000	1.5561	0.0740	0.0476	0.0176	0.0113	14.2065	9.1294
6.0000	0.0000	1.5562	0.0774	0.0497	0.0296	0.0190	14.2305	9.1441
6.5000	0.0000	1.5566	0.0652	0.0419	0.0105	0.0068	14.2480	9.1535
7.0000	0.0000	1.5565	0.0655	0.0421	0.0011	0.0007	14.2403	9.1487
7.5000	0.0000	1.5566	0.0665	0.0427	0.0136	0.0088	14.1442	9.0865
8.0000	0.0000	1.5567	0.0792	0.0509	0.0204	0.0131	14.1560	9.0934
8.5000	0.0000	1.5566	0.0824	0.0529	0.0007	0.0005	13.9433	8.9577
9.0000	0.0000	1.5570	0.0717	0.0461	0.0008	0.0005	13.9832	8.9810
9.5000	0.0000	1.5570	0.0694	0.0446	0.0009	0.0006	13.9718	8.9735
10.0000	0.0000	1.5565	0.0685	0.0440	0.0028	0.0018	13.9263	8.9472
10.5000	0.0000	1.5559	0.0714	0.0459	0.0007	0.0004	13.7461	8.8350
11.0000	0.0000	1.5558	0.0743	0.0478	0.0020	0.0013	13.7291	8.8246
11.5000	0.0000	1.5580	0.0712	0.0457	0.0010	0.0006	13.7722	8.8398
12.0000	0.0000	1.5548	0.0743	0.0478	0.0163	0.0105	13.7283	8.8297
12.5000	0.0000	1.5552	0.0615	0.0396	0.0221	0.0142	13.6160	8.7551
13.0000	0.0000	1.5570	0.0752	0.0483	0.0121	0.0078	13.6452	8.7635
13.5000	0.0000	1.5572	0.0813	0.0522	0.0084	0.0054	13.4442	8.6338
14.0000	0.0000	1.5573	0.0673	0.0432	0.0084	0.0054	13.4707	8.6503
14.5000	0.0000	1.5568	0.0886	0.0569	0.0007	0.0005	13.3955	8.6044
15.0000	0.0000	1.5570	0.0574	0.0368	0.0042	0.0027	13.3127	8.5502
15.5000	0.0000	1.5569	0.0777	0.0499	0.0021	0.0014	13.3490	8.5741
16.0000	0.0000	1.5567	0.0668	0.0429	0.0007	0.0004	13.2415	8.5061
16.5000	0.0000	1.5560	0.0661	0.0425	0.0010	0.0006	13.1439	8.4472
17.0000	0.0000	1.5560	0.0705	0.0453	0.0010	0.0007	13.1410	8.4453
17.5000	0.0000	1.5562	0.0667	0.0429	0.0016	0.0011	12.9636	8.3301
18.0000	0.0000	1.5565	0.0669	0.0430	0.0015	0.0009	12.8473	8.2542
18.5000	0.0000	1.5565	0.0708	0.0455	0.0012	0.0008	12.9459	8.3174
19.0000	0.0000	1.5567	0.0751	0.0482	0.0006	0.0004	12.8384	8.2473
19.5000	0.0000	1.5564	0.0611	0.0393	0.0003	0.0002	12.7232	8.1750
20.0000	0.0000	1.5569	0.0692	0.0445	0.0063	0.0041	12.6562	8.1290
20.5000	0.0000	1.5568	0.0675	0.0434	0.0012	0.0008	12.5547	8.0646
21.0000	0.0000	1.5566	0.0712	0.0457	0.0007	0.0005	12.6791	8.1454
21.5000	0.0000	1.5566	0.0527	0.0338	0.0025	0.0016	12.4578	8.0030
22.0000	0.0000	1.5568	0.0649	0.0417	0.0017	0.0011	12.6124	8.1013
22.5000	0.0000	1.5567	0.0741	0.0476	0.0015	0.0010	12.2638	7.8782
23.0000	0.0000	1.5558	0.0698	0.0449	0.0011	0.0007	12.3255	7.9223
23.5000	0.0000	1.5563	0.0620	0.0399	0.0012	0.0008	12.2357	7.8621
24.0000	0.0000	1.5567	0.0822	0.0528	0.0003	0.0002	12.0514	7.7416
24.5000	0.0000	1.5577	0.0685	0.0440	0.0003	0.0002	12.0756	7.7523
25.0000	0.0000	1.5572	0.0552	0.0355	0.0006	0.0004	12.0475	7.7365
25.5000	0.0000	1.5573	0.0747	0.0479	0.0001	0.0000	11.8593	7.6154
26.0000	0.0000	1.5563	0.0697	0.0448	0.0012	0.0008	11.7779	7.5681
26.5000	0.0000	1.5566	0.0710	0.0456	0.0008	0.0005	11.8162	7.5909
27.0000	0.0000	1.5564	0.0720	0.0462	0.0006	0.0004	11.6806	7.5048
27.5000	0.0000	1.5565	0.0664	0.0426	0.0019	0.0012	11.6227	7.4673
28.0000	0.0000	1.5567	0.0600	0.0385	0.0002	0.0001	11.4486	7.3546
28.5000	0.0000	1.5567	0.0739	0.0475	0.0010	0.0006	11.3919	7.3179
29.0000	0.0000	1.5569	0.0700	0.0449	0.0121	0.0078	11.3908	7.3163
29.5000	0.0000	1.5566	0.0681	0.0438	0.0003	0.0002	11.3042	7.2620
30.0000	0.0000	1.5561	0.0639	0.0411	0.0010	0.0006	11.2171	7.2083
30.5000	0.0000	1.5564	0.0635	0.0408	0.0005	0.0003	11.2560	7.2320
31.0000	0.0000	1.5566	0.0623	0.0400	0.0006	0.0004	11.3037	7.2618
31.5000	0.0000	1.5562	0.0635	0.0408	0.0005	0.0003	10.9990	7.0679
32.0000	0.0000	1.5565	0.0759	0.0488	0.0008	0.0005	10.9086	7.0083
32.5000	0.0000	1.5566	0.0721	0.0463	0.0075	0.0048	10.8676	6.9817
33.0000	0.0000	1.5567	0.0553	0.0355	0.0008	0.0005	10.8495	6.9697
33.5000	0.0000	1.5566	0.0603	0.0387	0.0012	0.0008	10.7403	6.8999
34.0000	0.0000	1.5564	0.0654	0.0420	0.0013	0.0008	10.5967	6.8083
34.5000	0.0000	1.5564	0.0601	0.0386	0.0006	0.0004	10.5128	6.7545
35.0000	0.0000	1.5570	0.0659	0.0423	0.0135	0.0087	10.3733	6.6624
35.5000	0.0000	1.5567	0.0777	0.0499	0.0013	0.0008	10.5264	6.7622
36.0000	0.0000	1.5567	0.0556	0.0357	0.0014	0.0009	10.3539	6.6512
36.5000	0.0000	1.5568	0.0676	0.0434	0.0028	0.0018	10.2056	6.5557
37.0000	0.0000	1.5566	0.0547	0.0352	0.0023	0.0015	10.2324	6.5737
37.5000	0.0000	1.5565	0.0677	0.0435	0.0283	0.0182	10.1836	6.5427
38.0000	0.0000	1.5567	0.0533	0.0342	0.0004	0.0003	10.0137	6.4326
38.5000	0.0000	1.5564	0.0528	0.0340	0.0007	0.0005	10.0723	6.4717
39.0000	0.0000	1.5558	0.0624	0.0401	0.0009	0.0006	9.8111	6.3060
39.5000	0.0000	1.5571	0.0535	0.0344	0.0013	0.0008	9.8570	6.3305
40.0000	0.0000	1.5566	0.0640	0.0411	0.0008	0.0005	9.7937	6.2917
40.5000	0.0000	1.5568	0.0441	0.0283	0.0003	0.0002	9.5964	6.1642
41.0000	0.0000	1.5567	0.0630	0.0405	0.0033	0.0021	9.6035	6.1691
41.5000	0.0000	1.5566	0.0620	0.0398	0.0118	0.0076	9.4474	6.0691
42.0000	0.0000	1.5563	0.0516	0.0332	0.0009	0.0006	9.3180	5.9874
42.5000	0.0000	1.5568	0.0623	0.0400	0.0007	0.0004	9.3843	6.0278
43.0000	0.0000	1.5567	0.0570	0.0366	0.0006	0.0004	9.1833	5.8992
43.5000	0.0000	1.5561	0.0681	0.0438	0.0009	0.0006	9.1596	5.8863
44.0000	0.0000	1.5577	0.0610	0.0392	0.0000	0.0000	9.1440	5.8702
44.5000	0.0000	1.5552	0.0524	0.0337	0.0015	0.0009	8.9517	5.7561
45.0000	0.0000	1.5562	0.0567	0.0364	0.0016	0.0010	8.9835	5.7727
45.5000	0.0000	1.5565	0.0450	0.0289	0.0007	0.0004	8.8619	5.6935
46.0000	0.0000	1.5568	0.0452	0.0291	0.0015	0.0010	8.8993	5.7165
46.5000	0.0000	1.5564	0.0629	0.0404	0.0010	0.0006	8.7411	5.6163
47.0000	0.0000	1.5562	0.0448	0.0288	0.0019	0.0012	8.6493	5.5578
47.5000	0.0000	1.5566	0.0368	0.0237	0.0007	0.0005	8.6724	5.5715
48.0000	0.0000	1.5563	0.0525	0.0338	0.0004	0.0003	8.6076	5.5310
48.5000	0.0000	1.5570	0.0602	0.0387	0.0108	0.0070	8.6256	5.5399
49.0000	0.0000	1.5569	0.0425	0.0273	0.0014	0.0009	8.3942	5.3915
49.5000	0.0000	1.5572	0.0469	0.0301	0.0000	0.0000	8.3348	5.3525
50.0000	0.0000	1.5564	0.0516	0.0331	0.0014	0.0009	8.2595	5.3067
50.5000	0.0000	1.5567	0.0553	0.0356	0.0007	0.0005	8.1324	5.2241
51.0000	0.0000	1.5562	0.0374	0.0241	0.0003	0.0002	8.2107	5.2761
51.5000	0.0000	1.5564	0.0536	0.0344	0.0013	0.0008	8.1285	5.2226
52.0000	0.0000	1.5566	0.0559	0.0359	0.0012	0.0008	8.0717	5.1854
52.5000	0.0000	1.5567	0.0451	0.0290	0.0146	0.0094	7.9986	5.1383
53.0000	0.0000	1.5562	0.0397	0.0255	0.0011	0.0007	7.8923	5.0716
53.5000	0.0000	1.5562	0.0464	0.0298	0.0015	0.0010	7.8129	5.0204
54.0000	0.0000	1.5565	0.0406	0.0261	0.0080	0.0051	7.7743	4.9948
54.5000	0.0000	1.5567	0.0490	0.0314	0.0004	0.0003	7.7800	4.9978
55.0000	0.0000	1.5561	0.0494	0.0317	0.0014	0.0009	7.6194	4.8964
55.5000	0.0000	1.5562	0.0513	0.0330	0.0005	0.0003	7.4805	4.8068
56.0000	0.0000	1.5565	0.0393	0.0252	0.0007	0.0005	7.4674	4.7975
56.5000	0.0000	1.5571	0.0409	0.0263	0.0010	0.0007	7.5509	4.8494
57.0000	0.0000	1.5568	0.0539	0.0346	0.0006	0.0004	7.4507	4.7858
57.5000	0.0000	1.5565	0.0513	0.0330	0.0002	0.0001	7.3590	4.7280
58.0000	0.0000	1.5568	0.0524	0.0336	0.0012	0.0008	7.3225	4.7036
58.5000	0.0000	1.5563	0.0391	0.0251	0.0010	0.0007	7.3358	4.7136
59.0000	0.0000	1.5563	0.0355	0.0228	0.0000	0.0000	7.1127	4.5703
59.5000	0.0000	1.5567	0.0350	0.0225	0.0010	0.0007	7.0532	4.5309
60.0000	0.0000	1.5565	0.0310	0.0199	0.0010	0.0006	6.9960	4.4949
60.5000	0.0000	1.5566	0.0371	0.0238	0.0010	0.0006	6.9898	4.4904
61.0000	0.0000	1.5566	0.0437	0.0281	0.0098	0.0063	6.8802	4.4199
61.5000	0.0000	1.5567	0.0338	0.0217	0.0123	0.0079	6.9048	4.4356
62.0000	0.0000	1.5566	0.0401	0.0258	0.0007	0.0005	6.8303	4.3880
62.5000	0.0000	1.5565	0.0469	0.0302	0.0017	0.0011	6.8159	4.3791
63.0000	0.0000	1.5564	0.0427	0.0275	0.0009	0.0006	6.7863	4.3604
63.5000	0.0000	1.5571	0.0249	0.0160	0.0012	0.0008	6.7214	4.3165
64.0000	0.0000	1.5568	0.0389	0.0250	0.0012	0.0008	6.5830	4.2287
64.5000	0.0000	1.5572	0.0290	0.0186	0.0190	0.0122	6.6194	4.2510
65.0000	0.0000	1.5566	0.0350	0.0225	0.0008	0.0005	6.4888	4.1687
65.5000	0.0000	1.5562	0.0571	0.0367	0.0111	0.0071	6.6402	4.2669
66.0000	0.0000	1.5564	0.0649	0.0417	0.0009	0.0006	6.4155	4.1221
66.5000	0.0000	1.5564	0.0516	0.0331	0.0050	0.0032	6.2858	4.0385
67.0000	0.0000	1.5566	0.0389	0.0250	0.0060	0.0038	6.3305	4.0669
67.5000	0.0000	1.5569	0.0304	0.0196	0.0006	0.0004	6.2617	4.0220
68.0000	0.0000	1.5567	0.0334	0.0215	0.0007	0.0005	6.1622	3.9584
68.5000	0.0000	1.5569	0.0367	0.0236	0.0159	0.0102	6.1618	3.9577
69.0000	0.0000	1.5571	0.0419	0.0269	0.0003	0.0002	6.0946	3.9139
69.5000	0.0000	1.5568	0.0325	0.0209	0.0003	0.0002	6.0569	3.8906
70.0000	0.0000	1.5572	0.0427	0.0274	0.0009	0.0006	5.9475	3.8193
70.5000	0.0000	1.5573	0.0406	0.0261	0.0010	0.0006	5.9726	3.8352
71.0000	0.0000	1.5568	0.0449	0.0289	0.0013	0.0008	5.9232	3.8047
71.5000	0.0000	1.5567	0.0521	0.0335	0.0004	0.0003	5.7996	3.7256
72.0000	0.0000	1.5563	0.0328	0.0211	0.0148	0.0095	5.9339	3.8128
72.5000	0.0000	1.5561	0.0390	0.0251	0.0044	0.0028	5.7708	3.7085
73.0000	0.0000	1.5566	0.0288	0.0185	0.0128	0.0082	5.7554	3.6975
73.5000	0.0000	1.5559	0.0301	0.0193	0.0011	0.0007	5.5936	3.5952
74.0000	0.0000	1.5564	0.0352	0.0226	0.0012	0.0008	5.6187	3.6102
74.5000	0.0000	1.5570	0.0450	0.0289	0.0047	0.0030	5.6248	3.6127
75.0000	0.0000	1.5568	0.0410	0.0263	0.0005	0.0003	5.5356	3.5558
0.0000	-75.0000	1.5559	0.0341	0.0219	0.0151	0.0097	6.5530	4.2116
0.0000	-74.5000	1.5591	0.0288	0.0185	0.0011	0.0007	6.6252	4.2494
0.0000	-74.0000	1.5572	0.0518	0.0333	0.0074	0.0047	6.5991	4.2378
0.0000	-73.5000	1.5558	0.0407	0.0262	0.0007	0.0005	6.6432	4.2698
0.0000	-73.0000	1.5560	0.0362	0.0232	0.0118	0.0076	6.7109	4.3130
0.0000	-72.5000	1.5557	0.0384	0.0247	0.0057	0.0037	6.7611	4.3461
0.0000	-72.0000	1.5566	0.0435	0.0279	0.0126	0.0081	6.8393	4.3938
0.0000	-71.5000	1.5562	0.0259	0.0166	0.0020	0.0013	6.8129	4.3780
0.0000	-71.0000	1.5559	0.0378	0.0243	0.0066	0.0042	6.8666	4.4132
0.0000	-70.5000	1.5564	0.0320	0.0206	0.0011	0.0007	6.9314	4.4535
0.0000	-70.0000	1.5560	0.0326	0.0209	0.0013	0.0009	6.9997	4.4987
0.0000	-69.5000	1.5568	0.0359	0.0231	0.0096	0.0062	7.0146	4.5057
0.0000	-69.0000	1.5569	0.0326	0.0209	0.0011	0.0007	7.1332	4.5815
0.0000	-68.5000	1.5564	0.0540	0.0347	0.0003	0.0002	7.1505	4.5943
0.0000	-68.0000	1.5569	0.0374	0.0240	0.0009	0.0006	7.1845	4.6145
0.0000	-67.5000	1.5573	0.0363	0.0233	0.0015	0.0010	7.2186	4.6354
0.0000	-67.0000	1.5570	0.0434	0.0279	0.0112	0.0072	7.2451	4.6532
0.0000	-66.5000	1.5569	0.0367	0.0235	0.0007	0.0005	7.3525	4.7226
0.0000	-66.0000	1.5565	0.0431	0.0277	0.0005	0.0003	7.3217	4.7040
0.0000	-65.5000	1.5571	0.0550	0.0353	0.0067	0.0043	7.5495	4.8486
0.0000	-65.0000	1.5567	0.0434	0.0279	0.0003	0.0002	7.5290	4.8365
0.0000	-64.5000	1.5568	0.0347	0.0223	0.0053	0.0034	7.6181	4.8935
0.0000	-64.0000	1.5570	0.0399	0.0256	0.0087	0.0056	7.6312	4.9012
0.0000	-63.5000	1.5568	0.0267	0.0171	0.0007	0.0004	7.6340	4.9036
0.0000	-63.0000	1.5561	0.0353	0.0227	0.0010	0.0007	7.7143	4.9574
0.0000	-62.5000	1.5569	0.0472	0.0303	0.0000	0.0000	7.8150	5.0196
0.0000	-62.0000	1.5565	0.0351	0.0225	0.0002	0.0001	7.8597	5.0496
0.0000	-61.5000	1.5563	0.0465	0.0299	0.0007	0.0004	7.9262	5.0930
0.0000	-61.0000	1.5562	0.0679	0.0436	0.0014	0.0009	8.0437	5.1689
0.0000	-60.5000	1.5563	0.0507	0.0326	0.0009	0.0006	8.0450	5.1694
0.0000	-60.0000	1.5567	0.0689	0.0442	0.0009	0.0006	8.0441	5.1674
0.0000	-59.5000	1.5568	0.0494	0.0317	0.0005	0.0003	8.0722	5.1853
0.0000	-59.0000	1.5564	0.0378	0.0243	0.0016	0.0011	8.1671	5.2475
0.0000	-58.5000	1.5570	0.0414	0.0266	0.0006	0.0004	8.1512	5.2351
0.0000	-58.0000	1.5573	0.0551	0.0354	0.0129	0.0083	8.2768	5.3149
0.0000	-57.5000	1.5571	0.0672	0.0431	0.0004	0.0003	8.3349	5.3529
0.0000	-57.0000	1.5565	0.0589	0.0378	0.0000	0.0000	8.3877	5.3888
0.0000	-56.5000	1.5564	0.0499	0.0321	0.0005	0.0003	8.4840	5.4510
0.0000	-56.0000	1.5569	0.0434	0.0279	0.0005	0.0003	8.5674	5.5029
0.0000	-55.5000	1.5565	0.0376	0.0241	0.0002	0.0001	8.5973	5.5233
0.0000	-55.0000	1.5566	0.0553	0.0355	0.0015	0.0010	8.6434	5.5528
0.0000	-54.5000	1.5560	0.0499	0.0321	0.0010	0.0006	8.6400	5.5528
0.0000	-54.0000	1.5562	0.0568	0.0365	0.0011	0.0007	8.7135	5.5991
0.0000	-53.5000	1.5565	0.0581	0.0373	0.0004	0.0002	8.8239	5.6691
0.0000	-53.0000	1.5568	0.0498	0.0320	0.0009	0.0006	8.8172	5.6637
0.0000	-52.5000	1.5556	0.0528	0.0339	0.0007	0.0005	8.8962	5.7187
0.0000	-52.0000	1.5563	0.0598	0.0384	0.0002	0.0001	8.9652	5.7607
0.0000	-51.5000	1.5572	0.0379	0.0244	0.0042	0.0027	8.9761	5.7642
0.0000	-51.0000	1.5562	0.0583	0.0374	0.0015	0.0010	9.1827	5.9008
0.0000	-50.5000	1.5568	0.0467	0.0300	0.0075	0.0048	9.1495	5.8772
0.0000	-50.0000	1.5562	0.0607	0.0390	0.2428	0.1560	9.2110	5.9188
0.0000	-49.5000	1.5564	0.0553	0.0355	0.0008	0.0005	9.2630	5.9514
0.0000	-49.0000	1.5564	0.0429	0.0276	0.0010	0.0007	9.3917	6.0341
0.0000	-48.5000	1.5562	0.0485	0.0312	0.0007	0.0005	9.4793	6.0914
0.0000	-48.0000	1.5567	0.0410	0.0263	0.0074	0.0047	9.3713	6.0201
0.0000	-47.5000	1.5564	0.0532	0.0342	0.0007	0.0005	9.6039	6.1706
0.0000	-47.0000	1.5563	0.0567	0.0364	0.0010	0.0006	9.5830	6.1575
0.0000	-46.5000	1.5563	0.0507	0.0326	0.0173	0.0111	9.6848	6.2231
0.0000	-46.0000	1.5562	0.0632	0.0406	0.0031	0.0020	9.8452	6.3263
0.0000	-45.5000	1.5565	0.0616	0.0396	0.0003	0.0002	9.8491	6.3277
0.0000	-45.0000	1.5570	0.0697	0.0448	0.0002	0.0001	9.9837	6.4123
0.0000	-44.5000	1.5569	0.0604	0.0388	0.0002	0.0001	9.9758	6.4074
0.0000	-44.0000	1.5562	0.0557	0.0358	0.0014	0.0009	10.1081	6.4953
0.0000	-43.5000	1.5564	0.0631	0.0406	0.0085	0.0055	10.1857	6.5445
0.0000	-43.0000	1.5564	0.0577	0.0371	0.0019	0.0012	10.2121	6.5612
0.0000	-42.5000	1.5574	0.0497	0.0319	0.0010	0.0006	10.2739	6.5970
0.0000	-42.0000	1.5561	0.0649	0.0417	0.0003	0.0002	10.3774	6.6688
0.0000	-41.5000	1.5554	0.0756	0.0486	0.0011	0.0007	10.3718	6.6682
0.0000	-41.0000	1.5563	0.0455	0.0293	0.0013	0.0008	10.4842	6.7368
0.0000	-40.5000	1.5557	0.0471	0.0303	0.0006	0.0004	10.5348	6.7716
0.0000	-40.0000	1.5565	0.0663	0.0426	0.0410	0.0263	10.5073	6.7505
0.0000	-39.5000	1.5565	0.0613	0.0394	0.0068	0.0044	10.6793	6.8611
0.0000	-39.0000	1.5567	0.0637	0.0409	0.0012	0.0008	10.8367	6.9612
0.0000	-38.5000	1.5567	0.0600	0.0386	0.0007	0.0004	10.8600	6.9763
0.0000	-38.0000	1.5563	0.0599	0.0385	0.0007	0.0004	10.8596	6.9779
0.0000	-37.5000	1.5570	0.0618	0.0397	0.0009	0.0006	10.8928	6.9961
0.0000	-37.0000	1.5569	0.0590	0.0379	0.0015	0.0009	10.9534	7.0354
0.0000	-36.5000	1.5569	0.0658	0.0423	0.0072	0.0047	11.0417	7.0920
0.0000	-36.0000	1.5567	0.0657	0.0422	0.0007	0.0005	11.1670	7.1733
0.0000	-35.5000	1.5558	0.0633	0.0407	0.0011	0.0007	11.1916	7.1936
0.0000	-35.0000	1.5564	0.0654	0.0420	0.0054	0.0035	11.3444	7.2891
0.0000	-34.5000	1.5561	0.0739	0.0475	0.0002	0.0002	11.4060	7.3299
0.0000	-34.0000	1.5562	0.0622	0.0400	0.0004	0.0003	11.3125	7.2693
0.0000	-33.5000	1.5570	0.0664	0.0427	0.0015	0.0010	11.4647	7.3633
0.0000	-33.0000	1.5568	0.0584	0.0375	0.0013	0.0008	11.5475	7.4176
0.0000	-32.5000	1.5564	0.0592	0.0380	0.0006	0.0004	11.6000	7.4531
0.0000	-32.0000	1.5563	0.0634	0.0408	0.0002	0.0001	11.6103	7.4601
0.0000	-31.5000	1.5567	0.0670	0.0431	0.0002	0.0002	11.6753	7.5002
0.0000	-31.0000	1.5562	0.0589	0.0378	0.0005	0.0003	11.6224	7.4683
0.0000	-30.5000	1.5564	0.0703	0.0452	0.0007	0.0005	11.8949	7.6423
0.0000	-30.0000	1.5565	0.0640	0.0411	0.0000	0.0000	11.9774	7.6950
0.0000	-29.5000	1.5563	0.0583	0.0375	0.0000	0.0000	11.9529	7.6804
0.0000	-29.0000	1.5571	0.0688	0.0442	0.0017	0.0011	11.9567	7.6788
0.0000	-28.5000	1.5566	0.0732	0.0470	0.0011	0.0007	12.0237	7.7243
0.0000	-28.0000	1.5564	0.0702	0.0451	0.0107	0.0069	12.1416	7.8010
0.0000	-27.5000	1.5561	0.0768	0.0494	0.0004	0.0003	12.2281	7.8581
0.0000	-27.0000	1.5562	0.0576	0.0370	0.0007	0.0005	12.3793	7.9547
0.0000	-26.5000	1.5565	0.0719	0.0462	0.0013	0.0008	12.3953	7.9634
0.0000	-26.0000	1.5562	0.0811	0.0521	0.0007	0.0005	12.4269	7.9852
0.0000	-25.5000	1.5568	0.0725	0.0466	0.0005	0.0003	12.4478	7.9957
0.0000	-25.0000	1.5567	0.0705	0.0453	0.0176	0.0113	12.5617	8.0695
0.0000	-24.5000	1.5560	0.0625	0.0401	0.0090	0.0058	12.5847	8.0876
0.0000	-24.0000	1.5561	0.0623	0.0400	0.0018	0.0011	12.6832	8.1505
0.0000	-23.5000	1.5559	0.0722	0.0464	0.0017	0.0011	12.6206	8.1112
0.0000	-23.0000	1.5569	0.0693	0.0445	0.0003	0.0002	12.9098	8.2922
0.0000	-22.5000	1.5570	0.0660	0.0424	0.0224	0.0144	12.8408	8.2472
0.0000	-22.0000	1.5568	0.0715	0.0459	0.0000	0.0000	12.7724	8.2045
0.0000	-21.5000	1.5567	0.0652	0.0419	0.0111	0.0071	12.9240	8.3019
0.0000	-21.0000	1.5566	0.0714	0.0458	0.0015	0.0010	13.0693	8.3962
0.0000	-20.5000	1.5565	0.0722	0.0464	0.0006	0.0004	12.9059	8.2917
0.0000	-20.0000	1.5564	0.0690	0.0443	0.0118	0.0076	13.0679	8.3964
0.0000	-19.5000	1.5565	0.0724	0.0465	0.0060	0.0039	13.2299	8.4998
0.0000	-19.0000	1.5562	0.0695	0.0447	0.0024	0.0015	13.2266	8.4993
0.0000	-18.5000	1.5562	0.0684	0.0439	0.0012	0.0008	13.3606	8.5852
0.0000	-18.0000	1.5570	0.0711	0.0457	0.0012	0.0008	13.4099	8.6126
0.0000	-17.5000	1.5571	0.0670	0.0430	0.0004	0.0003	13.3733	8.5884
0.0000	-17.0000	1.5570	0.0653	0.0420	0.0004	0.0003	13.5222	8.6849
0.0000	-16.5000	1.5562	0.0595	0.0382	0.0004	0.0003	13.5178	8.6864
0.0000	-16.0000	1.5571	0.0789	0.0507	0.0006	0.0004	13.6013	8.7352
0.0000	-15.5000	1.5560	0.0677	0.0435	0.0004	0.0003	13.6617	8.7798
0.0000	-15.0000	1.5566	0.0737	0.0474	0.0011	0.0007	13.7002	8.8013
0.0000	-14.5000	1.5558	0.0700	0.0450	0.0006	0.0004	13.7214	8.8196
0.0000	-14.0000	1.5561	0.0808	0.0519	0.0003	0.0002	13.7054	8.8078
0.0000	-13.5000	1.5573	0.0740	0.0475	0.0007	0.0005	13.8578	8.8989
0.0000	-13.0000	1.5572	0.0660	0.0424	0.0006	0.0004	13.9217	8.9402
0.0000	-12.5000	1.5563	0.0698	0.0448	0.0003	0.0002	13.8151	8.8766
0.0000	-12.0000	1.5567	0.0837	0.0538	0.0004	0.0002	13.8226	8.8794
0.0000	-11.5000	1.5571	0.0832	0.0534	0.0005	0.0003	14.0431	9.0187
0.0000	-11.0000	1.5564	0.0706	0.0453	0.0002	0.0001	14.0800	9.0465
0.0000	-10.5000	1.5562	0.0728	0.0468	0.0004	0.0003	14.1672	9.1038
0.0000	-10.0000	1.5588	0.0694	0.0445	0.0015	0.0010	14.2003	9.1099
0.0000	-9.5000	1.5556	0.0837	0.0538	0.0015	0.0009	14.3530	9.2267
0.0000	-9.0000	1.5569	0.0813	0.0522	0.0002	0.0001	14.2262	9.1372
0.0000	-8.5000	1.5592	0.0740	0.0475	0.0079	0.0050	14.2618	9.1470
0.0000	-8.0000	1.5560	0.0720	0.0463	0.0006	0.0004	14.2064	9.1301
0.0000	-7.5000	1.5565	0.0794	0.0510	0.0059	0.0038	14.2453	9.1520
0.0000	-7.0000	1.5560	0.0852	0.0548	0.0134	0.0086	14.2092	9.1318
0.0000	-6.5000	1.5567	0.0753	0.0484	0.0006	0.0004	14.4953	9.3114
0.0000	-6.0000	1.5561	0.0723	0.0465	0.0000	0.0000	14.4060	9.2581
0.0000	-5.5000	1.5567	0.0765	0.0491	0.0001	0.0001	14.3541	9.2210
0.0000	-5.0000	1.5567	0.0782	0.0502	0.0173	0.0111	14.4103	9.2570
0.0000	-4.5000	1.5569	0.0825	0.0530	0.0111	0.0072	14.3917	9.2440
0.0000	-4.0000	1.5571	0.0759	0.0488	0.0008	0.0005	14.4404	9.2742
0.0000	-3.5000	1.5569	0.0733	0.0471	0.0008	0.0005	14.5634	9.3543
0.0000	-3.0000	1.5570	0.0857	0.0550	0.0003	0.0002	14.4392	9.2737
0.0000	-2.5000	1.5561	0.0662	0.0426	0.0005	0.0003	14.4793	9.3046
0.0000	-2.0000	1.5561	0.0697	0.0448	0.0119	0.0076	14.5295	9.3371
0.0000	-1.5000	1.5572	0.0781	0.0501	0.0089	0.0057	14.4982	9.3104
0.0000	-1.0000	1.5568	0.0750	0.0482	0.0011	0.0007	14.6109	9.3851
0.0000	-0.5000	1.5564	0.0846	0.0543	0.0004	0.0003	14.6088	9.3866
0.0000	0.0000	1.5561	0.0699	0.0449	0.0005	0.0003	14.6109	9.3893
0.0000	0.5000	1.5559	0.0791	0.0508	0.0006	0.0004	14.6409	9.4102
0.0000	1.0000	1.5565	0.0872	0.0560	0.0028	0.0018	14.5605	9.3546
0.0000	1.5000	1.5567	0.0772	0.0496	0.0012	0.0007	14.6086	9.3845
0.0000	2.0000	1.5567	0.0756	0.0486	0.0003	0.0002	14.7139	9.4522
0.0000	2.5000	1.5562	0.0832	0.0535	0.0091	0.0058	14.5456	9.3468
0.0000	3.0000	1.5569	0.0795	0.0511	0.0006	0.0004	14.6325	9.3985
0.0000	3.5000	1.5567	0.0813	0.0522	0.0002	0.0001	14.5528	9.3484
0.0000	4.0000	1.5573	0.0928	0.0596	0.0006	0.0004	14.6899	9.4331
0.0000	4.5000	1.5565	0.0789	0.0507	0.0007	0.0005	14.5290	9.3345
0.0000	5.0000	1.5572	0.0803	0.0516	0.0012	0.0008	14.6775	9.4258
0.0000	5.5000	1.5570	0.0779	0.0500	0.0006	0.0004	14.6285	9.3950
0.0000	6.0000	1.5567	0.0747	0.0480	0.0003	0.0002	14.7362	9.4666
0.0000	6.5000	1.5574	0.0812	0.0522	0.0003	0.0002	14.5951	9.3713
0.0000	7.0000	1.5558	0.0893	0.0574	0.0005	0.0003	14.6255	9.4008
0.0000	7.5000	1.5559	0.0872	0.0560	0.0197	0.0127	14.6458	9.4132
0.0000	8.0000	1.5566	0.0793	0.0509	0.0003	0.0002	14.6528	9.4135
0.0000	8.5000	1.5567	0.0780	0.0501	0.0014	0.0009	14.4578	9.2876
0.0000	9.0000	1.5569	0.0821	0.0527	0.0015	0.0009	14.5231	9.3282
0.0000	9.5000	1.5562	0.0769	0.0494	0.0006	0.0004	14.7023	9.4475
0.0000	10.0000	1.5569	0.0804	0.0516	0.0077	0.0050	14.6105	9.3846
0.0000	10.5000	1.5567	0.0722	0.0464	0.0003	0.0002	14.4569	9.2870
0.0000	11.0000	1.5564	0.0789	0.0507	0.0003	0.0002	14.6403	9.4063
0.0000	11.5000	1.5569	0.0767	0.0492	0.0006	0.0004	14.3772	9.2344
0.0000	12.0000	1.5568	0.0762	0.0489	0.0003	0.0002	14.4284	9.2680
0.0000	12.5000	1.5567	0.0745	0.0479	0.0065	0.0042	14.4192	9.2625
0.0000	13.0000	1.5564	0.0738	0.0474	0.0006	0.0004	14.4018	9.2530
0.0000	13.5000	1.5558	0.0733	0.0471	0.0006	0.0004	14.4020	9.2571
0.0000	14.0000	1.5557	0.0736	0.0473	0.0005	0.0003	14.3120	9.1996
0.0000	14.5000	1.5558	0.0797	0.0512	0.0667	0.0429	14.3153	9.2014
0.0000	15.0000	1.5570	0.0711	0.0457	0.0010	0.0007	14.3743	9.2318
0.0000	15.5000	1.5564	0.0620	0.0399	0.0007	0.0004	14.4703	9.2976
0.0000	16.0000	1.5565	0.0770	0.0495	0.0009	0.0006	14.2288	9.1415
0.0000	16.5000	1.5565	0.0716	0.0460	0.0028	0.0018	14.1944	9.1197
0.0000	17.0000	1.5565	0.0647	0.0415	0.0003	0.0002	14.0889	9.0514
0.0000	17.5000	1.5564	0.0658	0.0423	0.0010	0.0006	13.9996	8.9948
0.0000	18.0000	1.5568	0.0727	0.0467	0.0172	0.0110	13.9932	8.9881
0.0000	18.5000	1.5566	0.0759	0.0488	0.0008	0.0005	14.1278	9.0759
0.0000	19.0000	1.5571	0.0673	0.0432	0.0184	0.0118	14.1219	9.0693
0.0000	19.5000	1.5569	0.0843	0.0541	0.0005	0.0003	14.0572	9.0293
0.0000	20.0000	1.5565	0.0701	0.0450	0.0005	0.0003	13.9895	8.9875
0.0000	20.5000	1.5567	0.0720	0.0463	0.0002	0.0001	13.9613	8.9685
0.0000	21.0000	1.5565	0.0742	0.0477	0.0004	0.0003	13.8624	8.9061
0.0000	21.5000	1.5565	0.0733	0.0471	0.0002	0.0001	13.8076	8.8709
0.0000	22.0000	1.5568	0.0541	0.0347	0.0004	0.0003	13.7893	8.8572
0.0000	22.5000	1.5543	0.0730	0.0470	0.0000	0.0000	13.6138	8.7585
0.0000	23.0000	1.5552	0.0878	0.0564	0.0013	0.0008	13.6368	8.7687
0.0000	23.5000	1.5566	0.0868	0.0558	0.0006	0.0004	13.6497	8.7691
0.0000	24.0000	1.5566	0.0764	0.0491	0.0004	0.0003	13.5881	8.7295
0.0000	24.5000	1.5572	0.0755	0.0485	0.0002	0.0001	13.4628	8.6458
0.0000	25.0000	1.5565	0.0732	0.0471	0.0002	0.0001	13.6364	8.7611
0.0000	25.5000	1.5565	0.0621	0.0399	0.0009	0.0006	13.6295	8.7564
0.0000	26.0000	1.5564	0.0758	0.0487	0.0008	0.0005	13.3772	8.5952
0.0000	26.5000	1.5561	0.0741	0.0477	0.0002	0.0002	13.2286	8.5012
0.0000	27.0000	1.5563	0.0758	0.0487	0.0003	0.0002	13.1288	8.4361
0.0000	27.5000	1.5572	0.0728	0.0468	0.0000	0.0000	13.2424	8.5042
0.0000	28.0000	1.5566	0.0795	0.0511	0.0000	0.0000	13.2480	8.5110
0.0000	28.5000	1.5560	0.0698	0.0449	0.0002	0.0001	13.0574	8.3919
0.0000	29.0000	1.5559	0.0785	0.0504	0.0000	0.0000	12.9791	8.3417
0.0000	29.5000	1.5577	0.0731	0.0469	0.0002	0.0001	13.0108	8.3523
0.0000	30.0000	1.5571	0.0749	0.0481	0.0005	0.0003	13.0669	8.3919
0.0000	30.5000	1.5566	0.0719	0.0462	0.0000	0.0000	12.8602	8.2617
0.0000	31.0000	1.5561	0.0689	0.0443	0.0002	0.0001	12.8215	8.2395
0.0000	31.5000	1.5562	0.0688	0.0442	0.0004	0.0003	12.6398	8.1221
0.0000	32.0000	1.5553	0.0654	0.0421	0.0046	0.0030	12.6193	8.1135
0.0000	32.5000	1.5561	0.0647	0.0416	0.0042	0.0027	12.5235	8.0479
0.0000	33.0000	1.5565	0.0725	0.0466	0.0003	0.0002	12.5035	8.0333
0.0000	33.5000	1.5560	0.0654	0.0420	0.0012	0.0008	12.4746	8.0170
0.0000	34.0000	1.5568	0.0763	0.0490	0.0014	0.0009	12.2996	7.9008
0.0000	34.5000	1.5567	0.0693	0.0445	0.0004	0.0003	12.2533	7.8713
0.0000	35.0000	1.5567	0.0699	0.0449	0.0004	0.0002	12.3116	7.9088
0.0000	35.5000	1.5560	0.0675	0.0434	0.0002	0.0001	12.1840	7.8303
0.0000	36.0000	1.5568	0.0602	0.0386	0.0002	0.0001	12.0610	7.7471
0.0000	36.5000	1.5570	0.0596	0.0383	0.0008	0.0005	11.9736	7.6903
0.0000	37.0000	1.5568	0.0564	0.0362	0.0003	0.0002	11.9663	7.6863
0.0000	37.5000	1.5567	0.0616	0.0396	0.0003	0.0002	11.9257	7.6611
0.0000	38.0000	1.5570	0.0762	0.0489	0.0000	0.0000	11.7898	7.5724
0.0000	38.5000	1.5558	0.0761	0.0489	0.0157	0.0101	11.7241	7.5357
0.0000	39.0000	1.5565	0.0674	0.0433	0.0013	0.0009	11.6492	7.4842
0.0000	39.5000	1.5559	0.0678	0.0435	0.0002	0.0001	11.5721	7.4376
0.0000	40.0000	1.5558	0.0649	0.0417	0.0002	0.0001	11.5111	7.3988
0.0000	40.5000	1.5561	0.0656	0.0422	0.0011	0.0007	11.4741	7.3736
0.0000	41.0000	1.5560	0.0764	0.0491	0.0048	0.0031	11.3653	7.3041
0.0000	41.5000	1.5564	0.0677	0.0435	0.0010	0.0007	11.1412	7.1584
0.0000	42.0000	1.5574	0.0658	0.0422	0.0004	0.0003	11.1746	7.1753
0.0000	42.5000	1.5569	0.0606	0.0389	0.0121	0.0078	11.0890	7.1224
0.0000	43.0000	1.5570	0.0830	0.0533	0.0005	0.0003	11.3220	7.2718
0.0000	43.5000	1.5574	0.0543	0.0349	0.0055	0.0035	10.8983	6.9977
0.0000	44.0000	1.5563	0.0553	0.0355	0.0069	0.0044	10.7841	6.9294
0.0000	44.5000	1.5561	0.0665	0.0427	0.0003	0.0002	10.9585	7.0422
0.0000	45.0000	1.5561	0.0572	0.0368	0.0015	0.0010	10.7276	6.8937
0.0000	45.5000	1.5562	0.0643	0.0413	0.0005	0.0003	10.7432	6.9035
0.0000	46.0000	1.5563	0.0706	0.0454	0.0002	0.0001	10.6054	6.8144
0.0000	46.5000	1.5567	0.0547	0.0351	0.0003	0.0002	10.5301	6.7642
0.0000	47.0000	1.5566	0.0639	0.0410	0.0014	0.0009	10.4946	6.7420
0.0000	47.5000	1.5565	0.0646	0.0415	0.0003	0.0002	10.4023	6.6833
0.0000	48.0000	1.5560	0.0631	0.0406	0.0006	0.0004	10.2869	6.6110
0.0000	48.5000	1.5559	0.0642	0.0413	0.0007	0.0005	10.2144	6.5651
0.0000	49.0000	1.5568	0.0574	0.0369	0.0005	0.0003	10.1019	6.4890
0.0000	49.5000	1.5560	0.0576	0.0370	0.0104	0.0067	10.1659	6.5332
0.0000	50.0000	1.5558	0.0647	0.0416	0.0002	0.0001	10.0715	6.4734
0.0000	50.5000	1.5563	0.0504	0.0324	0.0003	0.0002	9.8314	6.3171
0.0000	51.0000	1.5554	0.0580	0.0373	0.0007	0.0004	9.8579	6.3379
0.0000	51.5000	1.5571	0.0518	0.0333	0.0002	0.0001	9.7993	6.2933
0.0000	52.0000	1.5569	0.0601	0.0386	0.0008	0.0005	9.5695	6.1466
0.0000	52.5000	1.5562	0.0476	0.0306	0.0003	0.0002	9.4901	6.0982
0.0000	53.0000	1.5569	0.0709	0.0455	0.0007	0.0005	9.5663	6.1445
0.0000	53.5000	1.5561	0.0646	0.0415	0.0003	0.0002	9.4413	6.0671
0.0000	54.0000	1.5568	0.0501	0.0322	0.0024	0.0016	9.3385	5.9986
0.0000	54.5000	1.5578	0.0534	0.0343	0.0009	0.0006	9.2507	5.9381
0.0000	55.0000	1.5546	0.0518	0.0333	0.0024	0.0015	9.2559	5.9538
0.0000	55.5000	1.5563	0.0500	0.0321	0.0004	0.0003	9.1856	5.9021
0.0000	56.0000	1.5563	0.0528	0.0339	0.0000	0.0000	9.1689	5.8915
0.0000	56.5000	1.5573	0.0586	0.0376	0.0009	0.0006	8.9513	5.7480
0.0000	57.0000	1.5567	0.0515	0.0331	0.0009	0.0006	8.7925	5.6481
0.0000	57.5000	1.5566	0.0673	0.0432	0.0003	0.0002	8.7630	5.6297
0.0000	58.0000	1.5571	0.0459	0.0295	0.0151	0.0097	8.8058	5.6554
0.0000	58.5000	1.5562	0.0597	0.0383	0.0011	0.0007	8.6841	5.5803
0.0000	59.0000	1.5564	0.0599	0.0385	0.0006	0.0004	8.5787	5.5120
0.0000	59.5000	1.5565	0.0560	0.0360	0.0010	0.0006	8.5345	5.4833
0.0000	60.0000	1.5565	0.0529	0.0340	0.0004	0.0003	8.5534	5.4955
0.0000	60.5000	1.5560	0.0493	0.0317	0.0134	0.0086	8.4862	5.4537
0.0000	61.0000	1.5556	0.0537	0.0345	0.0000	0.0000	8.2996	5.3352
0.0000	61.5000	1.5562	0.0503	0.0324	0.0016	0.0010	8.1082	5.2104
0.0000	62.0000	1.5562	0.0442	0.0284	0.0007	0.0005	8.0810	5.1928
0.0000	62.5000	1.5568	0.0510	0.0328	0.0009	0.0005	8.0415	5.1653
0.0000	63.0000	1.5564	0.0507	0.0326	0.0004	0.0003	7.9918	5.1347
0.0000	63.5000	1.5564	0.0508	0.0327	0.0157	0.0101	7.9262	5.0928
0.0000	64.0000	1.5561	0.0524	0.0337	0.0006	0.0004	7.8209	5.0260
0.0000	64.5000	1.5562	0.0510	0.0328	0.0574	0.0369	7.7856	5.0030
0.0000	65.0000	1.5568	0.0667	0.0428	0.0003	0.0002	7.6354	4.9046
0.0000	65.5000	1.5564	0.0520	0.0334	0.0074	0.0048	7.6735	4.9303
0.0000	66.0000	1.5572	0.0361	0.0232	0.0010	0.0006	7.5242	4.8319
0.0000	66.5000	1.5567	0.0521	0.0335	0.0003	0.0002	7.4311	4.7737
0.0000	67.0000	1.5566	0.0536	0.0344	0.0006	0.0004	7.3961	4.7515
0.0000	67.5000	1.5555	0.0360	0.0232	0.0011	0.0007	7.3190	4.7052
0.0000	68.0000	1.5557	0.0515	0.0331	0.0081	0.0052	7.2583	4.6656
0.0000	68.5000	1.5564	0.0401	0.0257	0.0003	0.0002	7.1604	4.6007
0.0000	69.0000	1.5567	0.0579	0.0372	0.0012	0.0008	7.0831	4.5502
0.0000	69.5000	1.5571	0.0262	0.0168	0.0103	0.0066	7.0867	4.5511
0.0000	70.0000	1.5567	0.0353	0.0227	0.0014	0.0009	6.9162	4.4428
0.0000	70.5000	1.5568	0.0416	0.0267	0.0013	0.0008	6.7990	4.3674
0.0000	71.0000	1.5566	0.0443	0.0285	0.0004	0.0003	6.6971	4.3023
0.0000	71.5000	1.5565	0.0464	0.0298	0.0056	0.0036	6.7614	4.3440
0.0000	72.0000	1.5574	0.0436	0.0280	0.0008	0.0005	6.6573	4.2748
0.0000	72.5000	1.5568	0.0373	0.0239	0.0016	0.0011	6.5850	4.2298
0.0000	73.0000	1.5565	0.0380	0.0244	0.0081	0.0052	6.5108	4.1831
0.0000	73.5000	1.5558	0.0369	0.0237	0.0008	0.0005	6.4004	4.1141
0.0000	74.0000	1.5560	0.0470	0.0302	0.0008	0.0005	6.3540	4.0835
0.0000	74.5000	1.5564	0.0394	0.0253	0.0000	0.0000	6.3973	4.1103
0.0000	75.0000	1.5565	0.0398	0.0256	0.0012	0.0008	6.2851	4.0379
