Xcoord	Ycoord	Beam	chan0	chan0 norm	chan2	chan2 norm	chan3	chan3 norm	
-100.0000	0.0000	1.5572	0.0473	0.0304	0.0078	0.0050	4.4728	2.8724
-99.5000	0.0000	1.5575	0.0317	0.0204	0.0010	0.0006	4.5421	2.9162
-99.0000	0.0000	1.5595	0.0382	0.0245	0.0112	0.0072	4.5014	2.8865
-98.5000	0.0000	1.5586	0.0271	0.0174	0.0010	0.0006	4.6031	2.9533
-98.0000	0.0000	1.5590	0.0224	0.0144	0.0067	0.0043	4.5928	2.9460
-97.5000	0.0000	1.5590	0.0227	0.0145	0.0011	0.0007	4.6555	2.9863
-97.0000	0.0000	1.5582	0.0165	0.0106	0.0198	0.0127	4.7014	3.0172
-96.5000	0.0000	1.5587	0.0308	0.0198	0.0012	0.0008	4.7351	3.0378
-96.0000	0.0000	1.5586	0.0363	0.0233	0.0010	0.0006	4.7898	3.0731
-95.5000	0.0000	1.5590	0.0288	0.0185	0.0000	0.0000	4.7587	3.0525
-95.0000	0.0000	1.5602	0.0264	0.0169	0.0004	0.0003	4.8064	3.0806
-94.5000	0.0000	1.5587	0.0267	0.0171	0.0013	0.0009	4.7916	3.0741
-94.0000	0.0000	1.5588	0.0352	0.0226	0.0005	0.0003	4.8692	3.1236
-93.5000	0.0000	1.5589	0.0517	0.0332	0.0002	0.0001	4.9135	3.1519
-93.0000	0.0000	1.5585	0.0423	0.0272	0.0013	0.0009	5.0072	3.2128
-92.5000	0.0000	1.5585	0.0254	0.0163	0.0009	0.0006	4.9611	3.1831
-92.0000	0.0000	1.5589	0.0389	0.0250	0.0198	0.0127	5.0398	3.2329
-91.5000	0.0000	1.5589	0.0286	0.0183	0.0003	0.0002	5.1478	3.3022
-91.0000	0.0000	1.5586	0.0313	0.0201	0.0004	0.0002	5.0807	3.2597
-90.5000	0.0000	1.5585	0.0269	0.0173	0.0007	0.0005	5.1337	3.2940
-90.0000	0.0000	1.5584	0.0297	0.0191	0.0079	0.0051	5.2270	3.3540
-89.5000	0.0000	1.5584	0.0360	0.0231	0.0000	0.0000	5.2153	3.3466
-89.0000	0.0000	1.5590	0.0382	0.0245	0.0000	0.0000	5.3084	3.4050
-88.5000	0.0000	1.5585	0.0440	0.0282	0.0010	0.0007	5.2765	3.3855
-88.0000	0.0000	1.5590	0.0188	0.0121	0.0082	0.0052	5.3418	3.4265
-87.5000	0.0000	1.5592	0.0402	0.0258	0.0079	0.0050	5.3651	3.4409
-87.0000	0.0000	1.5592	0.0342	0.0219	0.0069	0.0044	5.4093	3.4693
-86.5000	0.0000	1.5601	0.0407	0.0261	0.0004	0.0003	5.4737	3.5086
-86.0000	0.0000	1.5572	0.0354	0.0227	0.0006	0.0004	5.4807	3.5197
-85.5000	0.0000	1.5561	0.0489	0.0314	0.0007	0.0004	5.5983	3.5976
-85.0000	0.0000	1.5564	0.0306	0.0197	0.0135	0.0086	5.6026	3.5997
-84.5000	0.0000	1.5562	0.0314	0.0202	0.0003	0.0002	5.6794	3.6496
-84.0000	0.0000	1.5580	0.0499	0.0320	0.0006	0.0004	5.7314	3.6788
-83.5000	0.0000	1.5583	0.0276	0.0177	0.0093	0.0060	5.7554	3.6935
-83.0000	0.0000	1.5577	0.0388	0.0249	0.0421	0.0270	5.6842	3.6491
-82.5000	0.0000	1.5575	0.0484	0.0311	0.0096	0.0062	5.9257	3.8046
-82.0000	0.0000	1.5571	0.0434	0.0279	0.0007	0.0004	5.8666	3.7676
-81.5000	0.0000	1.5569	0.0478	0.0307	0.0015	0.0010	5.9361	3.8129
-81.0000	0.0000	1.5571	0.0359	0.0230	0.0010	0.0006	5.9822	3.8419
-80.5000	0.0000	1.5576	0.0335	0.0215	0.0003	0.0002	6.0136	3.8609
-80.0000	0.0000	1.5574	0.0254	0.0163	0.0008	0.0005	6.0256	3.8689
-79.5000	0.0000	1.5577	0.0487	0.0313	0.0014	0.0009	6.1194	3.9285
-79.0000	0.0000	1.5590	0.0269	0.0173	0.0000	0.0000	6.2076	3.9817
-78.5000	0.0000	1.5579	0.0264	0.0170	0.0097	0.0062	6.2100	3.9862
-78.0000	0.0000	1.5557	0.0369	0.0237	0.0000	0.0000	6.3082	4.0550
-77.5000	0.0000	1.5568	0.0422	0.0271	0.0015	0.0010	6.3477	4.0775
-77.0000	0.0000	1.5575	0.0571	0.0366	0.0007	0.0004	6.3522	4.0785
-76.5000	0.0000	1.5553	0.0389	0.0250	0.0010	0.0007	6.4093	4.1210
-76.0000	0.0000	1.5554	0.0423	0.0272	0.0007	0.0005	6.4923	4.1742
-75.5000	0.0000	1.5587	0.0372	0.0239	0.0020	0.0013	6.4221	4.1201
-75.0000	0.0000	1.5543	0.0511	0.0329	0.0007	0.0004	6.6401	4.2722
-74.5000	0.0000	1.5560	0.0376	0.0242	0.0140	0.0090	6.5157	4.1874
-74.0000	0.0000	1.5551	0.0449	0.0288	0.0011	0.0007	6.7167	4.3190
-73.5000	0.0000	1.5563	0.0435	0.0280	0.0014	0.0009	6.6532	4.2749
-73.0000	0.0000	1.5563	0.0493	0.0317	0.0106	0.0068	6.7574	4.3421
-72.5000	0.0000	1.5556	0.0406	0.0261	0.0128	0.0082	6.8134	4.3800
-72.0000	0.0000	1.5553	0.0578	0.0372	0.0187	0.0120	6.9464	4.4664
-71.5000	0.0000	1.5564	0.0415	0.0266	0.0008	0.0005	6.9634	4.4742
-71.0000	0.0000	1.5574	0.0725	0.0465	0.0013	0.0008	7.0437	4.5228
-70.5000	0.0000	1.5561	0.0581	0.0374	0.0008	0.0005	7.1212	4.5764
-70.0000	0.0000	1.5565	0.0463	0.0297	0.0063	0.0041	7.1310	4.5814
-69.5000	0.0000	1.5561	0.0473	0.0304	0.0010	0.0006	7.2442	4.6555
-69.0000	0.0000	1.5554	0.0394	0.0253	0.0076	0.0049	7.2388	4.6541
-68.5000	0.0000	1.5554	0.0593	0.0382	0.3965	0.2549	7.3543	4.7283
-68.0000	0.0000	1.5554	0.0445	0.0286	0.0013	0.0008	7.4238	4.7728
-67.5000	0.0000	1.5558	0.0502	0.0323	0.0008	0.0005	7.5100	4.8270
-67.0000	0.0000	1.5563	0.0552	0.0355	0.0114	0.0073	7.5539	4.8536
-66.5000	0.0000	1.5549	0.0550	0.0354	0.0188	0.0121	7.6055	4.8913
-66.0000	0.0000	1.5547	0.0398	0.0256	0.0105	0.0068	7.6488	4.9197
-65.5000	0.0000	1.5614	0.0284	0.0182	0.0133	0.0085	7.7966	4.9934
-65.0000	0.0000	1.5594	0.0487	0.0312	0.0070	0.0045	7.9113	5.0732
-64.5000	0.0000	1.5563	0.0468	0.0301	0.0177	0.0114	8.0474	5.1708
-64.0000	0.0000	1.5568	0.0505	0.0325	0.0015	0.0010	7.9789	5.1252
-63.5000	0.0000	1.5574	0.0555	0.0357	0.0084	0.0054	7.9988	5.1361
-63.0000	0.0000	1.5563	0.0420	0.0270	0.0009	0.0006	8.1038	5.2072
-62.5000	0.0000	1.5560	0.0349	0.0224	0.0004	0.0002	8.1575	5.2427
-62.0000	0.0000	1.5560	0.0545	0.0350	0.0014	0.0009	8.2656	5.3122
-61.5000	0.0000	1.5568	0.0562	0.0361	0.0014	0.0009	8.2774	5.3168
-61.0000	0.0000	1.5566	0.0474	0.0304	0.0007	0.0005	8.4212	5.4101
-60.5000	0.0000	1.5462	0.0449	0.0290	0.0014	0.0009	8.3543	5.4031
-60.0000	0.0000	1.5546	0.0576	0.0371	0.0078	0.0050	8.4537	5.4377
-59.5000	0.0000	1.5565	0.0594	0.0382	0.0009	0.0006	8.5970	5.5231
-59.0000	0.0000	1.5547	0.0478	0.0307	0.0267	0.0172	8.7156	5.6060
-58.5000	0.0000	1.5539	0.0588	0.0378	0.0069	0.0044	8.6708	5.5801
-58.0000	0.0000	1.5553	0.0591	0.0380	0.0245	0.0157	8.8297	5.6772
-57.5000	0.0000	1.5588	0.0616	0.0395	0.0011	0.0007	8.9270	5.7267
-57.0000	0.0000	1.5564	0.0589	0.0378	0.0008	0.0005	8.9280	5.7363
-56.5000	0.0000	1.5558	0.0517	0.0332	0.0198	0.0128	8.9407	5.7467
-56.0000	0.0000	1.5566	0.0549	0.0352	0.0008	0.0005	9.0241	5.7971
-55.5000	0.0000	1.5573	0.0539	0.0346	0.0006	0.0004	9.1762	5.8923
-55.0000	0.0000	1.5563	0.0497	0.0319	0.0008	0.0005	9.1905	5.9055
-54.5000	0.0000	1.5570	0.0676	0.0434	0.0008	0.0005	9.2970	5.9713
-54.0000	0.0000	1.5568	0.0609	0.0391	0.0012	0.0007	9.3522	6.0072
-53.5000	0.0000	1.5570	0.0576	0.0370	0.0012	0.0008	9.4124	6.0453
-53.0000	0.0000	1.5569	0.0527	0.0338	0.0014	0.0009	9.5356	6.1249
-52.5000	0.0000	1.5572	0.0559	0.0359	0.0010	0.0006	9.5271	6.1183
-52.0000	0.0000	1.5571	0.0534	0.0343	0.0007	0.0004	9.7639	6.2706
-51.5000	0.0000	1.5564	0.0557	0.0358	0.0144	0.0092	9.6775	6.2181
-51.0000	0.0000	1.5569	0.0411	0.0264	0.0021	0.0014	9.8034	6.2968
-50.5000	0.0000	1.5565	0.0611	0.0393	0.0043	0.0028	9.8497	6.3280
-50.0000	0.0000	1.5571	0.0448	0.0288	0.0003	0.0002	9.8859	6.3487
-49.5000	0.0000	1.5574	0.0753	0.0484	0.0010	0.0006	10.1114	6.4924
-49.0000	0.0000	1.5573	0.0720	0.0462	0.0215	0.0138	10.1855	6.5405
-48.5000	0.0000	1.5572	0.0697	0.0448	0.0009	0.0006	10.2377	6.5745
-48.0000	0.0000	1.5568	0.0542	0.0348	0.0031	0.0020	10.2444	6.5804
-47.5000	0.0000	1.5566	0.0641	0.0412	0.0008	0.0005	10.3891	6.6743
-47.0000	0.0000	1.5571	0.0691	0.0443	0.0130	0.0084	10.4318	6.6995
-46.5000	0.0000	1.5570	0.0594	0.0381	0.0076	0.0049	10.5480	6.7746
-46.0000	0.0000	1.5567	0.0569	0.0365	0.0005	0.0003	10.5801	6.7965
-45.5000	0.0000	1.5568	0.0595	0.0382	0.0007	0.0005	10.6343	6.8309
-45.0000	0.0000	1.5569	0.0625	0.0401	0.0007	0.0004	10.6972	6.8708
-44.5000	0.0000	1.5559	0.0676	0.0434	0.0004	0.0003	10.8528	6.9751
-44.0000	0.0000	1.5563	0.0768	0.0493	0.0218	0.0140	10.8285	6.9576
-43.5000	0.0000	1.5571	0.0716	0.0460	0.0011	0.0007	11.0126	7.0726
-43.0000	0.0000	1.5559	0.0566	0.0364	0.0059	0.0038	11.0522	7.1033
-42.5000	0.0000	1.5568	0.0606	0.0389	0.0007	0.0005	11.2494	7.2261
-42.0000	0.0000	1.5570	0.0741	0.0476	0.0024	0.0016	11.1744	7.1767
-41.5000	0.0000	1.5571	0.0555	0.0357	0.0126	0.0081	11.3175	7.2685
-41.0000	0.0000	1.5571	0.0573	0.0368	0.0008	0.0005	11.3925	7.3165
-40.5000	0.0000	1.5571	0.0651	0.0418	0.0007	0.0004	11.4515	7.3542
-40.0000	0.0000	1.5571	0.0681	0.0437	0.0006	0.0004	11.5807	7.4372
-39.5000	0.0000	1.5571	0.0739	0.0475	0.0090	0.0058	11.6336	7.4715
-39.0000	0.0000	1.5573	0.0681	0.0437	0.0008	0.0005	11.6954	7.5098
-38.5000	0.0000	1.5575	0.0678	0.0435	0.0005	0.0003	11.7228	7.5266
-38.0000	0.0000	1.5569	0.0641	0.0412	0.0010	0.0006	11.6811	7.5027
-37.5000	0.0000	1.5571	0.0754	0.0484	0.0005	0.0003	11.8252	7.5941
-37.0000	0.0000	1.5570	0.0783	0.0503	0.0181	0.0116	12.1166	7.7821
-36.5000	0.0000	1.5567	0.0696	0.0447	0.0169	0.0109	12.1788	7.8233
-36.0000	0.0000	1.5569	0.0727	0.0467	0.0013	0.0008	12.4126	7.9728
-35.5000	0.0000	1.5569	0.0685	0.0440	0.0006	0.0004	12.3207	7.9139
-35.0000	0.0000	1.5571	0.0805	0.0517	0.0067	0.0043	12.2980	7.8981
-34.5000	0.0000	1.5571	0.0941	0.0604	0.0098	0.0063	12.5354	8.0503
-34.0000	0.0000	1.5567	0.0774	0.0498	0.0018	0.0012	12.5972	8.0924
-33.5000	0.0000	1.5564	0.0854	0.0549	0.0008	0.0005	12.7363	8.1834
-33.0000	0.0000	1.5571	0.0826	0.0530	0.0086	0.0055	12.7921	8.2152
-32.5000	0.0000	1.5554	0.1060	0.0681	0.0002	0.0001	12.7759	8.2138
-32.0000	0.0000	1.5560	0.1118	0.0718	0.0127	0.0082	12.9316	8.3109
-31.5000	0.0000	1.5560	0.1247	0.0802	0.0021	0.0014	13.0672	8.3981
-31.0000	0.0000	1.5579	0.1497	0.0961	0.0020	0.0013	13.4537	8.6355
-30.5000	0.0000	1.5581	0.1870	0.1200	0.0105	0.0067	13.4478	8.6308
-30.0000	0.0000	1.5567	0.2590	0.1664	0.0020	0.0013	13.7355	8.8234
-29.5000	0.0000	1.5559	0.3364	0.2162	0.0006	0.0004	13.8411	8.8957
-29.0000	0.0000	1.5569	0.4417	0.2837	0.0006	0.0004	14.2268	9.1379
-28.5000	0.0000	1.5564	0.5775	0.3711	0.0017	0.0011	14.4795	9.3035
-28.0000	0.0000	1.5568	0.7422	0.4768	0.0154	0.0099	14.9499	9.6031
-27.5000	0.0000	1.5576	0.9587	0.6155	0.0135	0.0087	15.4641	9.9282
-27.0000	0.0000	1.5580	1.1766	0.7552	0.0011	0.0007	16.0199	10.2825
-26.5000	0.0000	1.5551	1.4111	0.9074	0.0291	0.0187	16.3607	10.5210
-26.0000	0.0000	1.5606	1.6767	1.0744	0.0120	0.0077	16.8481	10.7959
-25.5000	0.0000	1.5592	1.8026	1.1561	0.0009	0.0005	17.2600	11.0697
-25.0000	0.0000	1.5595	1.9511	1.2511	0.0007	0.0004	17.5841	11.2753
-24.5000	0.0000	1.3989	1.8497	1.3223	0.0015	0.0010	15.8973	11.3640
-24.0000	0.0000	1.5443	1.9108	1.2373	0.0006	0.0004	17.4002	11.2672
-23.5000	0.0000	1.5581	1.8671	1.1983	0.0027	0.0017	17.6176	11.3071
-23.0000	0.0000	1.5673	1.7158	1.0947	0.0087	0.0056	17.5427	11.1931
-22.5000	0.0000	1.5614	1.4861	0.9518	0.0006	0.0004	17.0960	10.9493
-22.0000	0.0000	1.5587	1.2657	0.8120	0.0006	0.0004	16.7401	10.7397
-21.5000	0.0000	1.5570	1.0064	0.6464	0.0007	0.0004	16.2295	10.4239
-21.0000	0.0000	1.5539	0.8038	0.5173	0.0269	0.0173	15.8726	10.2149
-20.5000	0.0000	1.5569	0.5973	0.3837	0.0151	0.0097	15.6468	10.0499
-20.0000	0.0000	1.5566	0.4511	0.2898	0.0003	0.0002	15.2255	9.7811
-19.5000	0.0000	1.5538	0.3156	0.2031	0.0209	0.0134	15.0642	9.6950
-19.0000	0.0000	1.5551	0.2209	0.1420	0.0062	0.0040	14.9731	9.6284
-18.5000	0.0000	1.5703	0.1434	0.0913	0.0116	0.0074	14.9386	9.5132
-18.0000	0.0000	1.5596	0.1503	0.0963	0.0207	0.0132	14.7846	9.4800
-17.5000	0.0000	1.5573	0.1101	0.0707	0.0045	0.0029	14.7675	9.4827
-17.0000	0.0000	1.5580	0.0947	0.0608	0.0010	0.0007	14.7022	9.4364
-16.5000	0.0000	1.5574	0.0936	0.0601	0.0004	0.0003	14.7514	9.4720
-16.0000	0.0000	1.5554	0.0979	0.0630	0.0009	0.0006	14.6576	9.4236
-15.5000	0.0000	1.5558	0.0881	0.0566	0.0002	0.0001	14.7857	9.5035
-15.0000	0.0000	1.5570	0.0830	0.0533	0.0360	0.0231	14.7206	9.4545
-14.5000	0.0000	1.5575	0.0948	0.0609	0.0214	0.0137	14.7970	9.5003
-14.0000	0.0000	1.5570	0.0815	0.0523	0.0104	0.0067	14.8468	9.5357
-13.5000	0.0000	1.5572	0.0818	0.0525	0.0095	0.0061	14.9073	9.5733
-13.0000	0.0000	1.5579	0.0919	0.0590	0.0016	0.0011	14.7659	9.4781
-12.5000	0.0000	1.5571	0.0921	0.0591	0.0013	0.0008	15.0585	9.6706
-12.0000	0.0000	1.5569	0.0826	0.0531	0.0005	0.0003	15.1117	9.7061
-11.5000	0.0000	1.5566	0.0818	0.0526	0.0067	0.0043	14.9609	9.6115
-11.0000	0.0000	1.5503	0.0931	0.0601	0.0014	0.0009	14.9669	9.6540
-10.5000	0.0000	1.5558	0.0938	0.0603	0.0016	0.0010	14.9920	9.6363
-10.0000	0.0000	1.5645	0.0900	0.0575	0.0008	0.0005	15.1753	9.6996
-9.5000	0.0000	1.5566	0.0948	0.0609	0.0024	0.0015	15.1730	9.7477
-9.0000	0.0000	1.5572	0.1043	0.0670	0.0004	0.0003	15.2120	9.7689
-8.5000	0.0000	1.5567	0.1116	0.0717	0.0019	0.0012	15.3667	9.8713
-8.0000	0.0000	1.5561	0.1266	0.0813	0.0135	0.0087	15.3740	9.8796
-7.5000	0.0000	1.5569	0.1343	0.0863	0.0086	0.0055	15.4576	9.9287
-7.0000	0.0000	1.5567	0.1696	0.1090	0.0061	0.0039	15.5729	10.0040
-6.5000	0.0000	1.5572	0.2236	0.1436	0.0313	0.0201	15.6920	10.0773
-6.0000	0.0000	1.5568	0.3092	0.1986	0.0005	0.0003	15.9978	10.2761
-5.5000	0.0000	1.5568	0.4373	0.2809	0.0075	0.0048	16.1462	10.3717
-5.0000	0.0000	1.5559	0.5972	0.3838	0.0063	0.0041	16.4965	10.6027
-4.5000	0.0000	1.5557	0.8418	0.5411	0.0007	0.0004	16.9616	10.9027
-4.0000	0.0000	1.5553	1.1450	0.7362	0.0029	0.0018	17.4654	11.2296
-3.5000	0.0000	1.5559	1.4584	0.9373	0.0190	0.0122	18.1382	11.6577
-3.0000	0.0000	1.5560	1.8628	1.1972	0.0028	0.0018	18.9752	12.1949
-2.5000	0.0000	1.5560	2.3374	1.5022	0.0076	0.0049	19.7089	12.6665
-2.0000	0.0000	1.5548	2.7004	1.7368	0.0006	0.0004	20.4682	13.1643
-1.5000	0.0000	1.5544	3.0984	1.9932	0.0010	0.0006	20.9824	13.4985
-1.0000	0.0000	1.5562	3.4509	2.2175	0.0002	0.0001	21.6930	13.9396
-0.5000	0.0000	1.5560	3.6156	2.3236	0.0015	0.0009	22.1699	14.2476
0.0000	0.0000	1.5525	3.5833	2.3080	0.0004	0.0002	22.0055	14.1740
0.5000	0.0000	1.5631	3.4781	2.2251	0.0006	0.0004	22.0382	14.0992
1.0000	0.0000	1.5573	3.2673	2.0981	0.0186	0.0119	21.2468	13.6435
1.5000	0.0000	1.5587	2.8149	1.8060	0.0013	0.0008	20.5804	13.2039
2.0000	0.0000	1.5571	2.6025	1.6714	0.0000	0.0000	20.2466	13.0031
2.5000	0.0000	1.5569	2.2035	1.4153	0.0014	0.0009	19.3734	12.4433
3.0000	0.0000	1.5587	1.8266	1.1719	0.0018	0.0012	18.6517	11.9661
3.5000	0.0000	1.5570	1.4600	0.9377	0.0086	0.0055	17.9600	11.5351
4.0000	0.0000	1.5565	1.1647	0.7483	0.0014	0.0009	17.3247	11.1309
4.5000	0.0000	1.5561	0.9168	0.5891	0.0143	0.0092	16.7384	10.7564
5.0000	0.0000	1.5568	0.6958	0.4469	0.0130	0.0083	16.3616	10.5095
5.5000	0.0000	1.5569	0.5048	0.3242	0.0056	0.0036	15.9089	10.2180
6.0000	0.0000	1.5574	0.3735	0.2398	0.0243	0.0156	15.5354	9.9750
6.5000	0.0000	1.5572	0.2962	0.1902	0.0007	0.0004	15.2675	9.8045
7.0000	0.0000	1.5568	0.2229	0.1432	0.0152	0.0098	15.0234	9.6505
7.5000	0.0000	1.5566	0.1662	0.1068	0.0007	0.0004	14.9547	9.6074
8.0000	0.0000	1.5559	0.1379	0.0887	0.0003	0.0002	14.8841	9.5663
8.5000	0.0000	1.5547	0.1250	0.0804	0.0005	0.0003	14.5649	9.3686
9.0000	0.0000	1.5550	0.1078	0.0693	0.0012	0.0008	14.3578	9.2332
9.5000	0.0000	1.5567	0.0981	0.0630	0.0116	0.0075	14.4413	9.2768
10.0000	0.0000	1.5559	0.0932	0.0599	0.0004	0.0002	14.3057	9.1942
10.5000	0.0000	1.5570	0.0929	0.0597	0.0550	0.0353	14.2161	9.1306
11.0000	0.0000	1.5555	0.0878	0.0564	0.0023	0.0014	14.1515	9.0979
11.5000	0.0000	1.5548	0.0775	0.0499	0.0011	0.0007	14.1681	9.1127
12.0000	0.0000	1.5589	0.0851	0.0546	0.0183	0.0117	14.0684	9.0248
12.5000	0.0000	1.5554	0.0962	0.0618	0.0086	0.0055	14.0406	9.0267
13.0000	0.0000	1.5561	0.0782	0.0503	0.0016	0.0010	14.0005	8.9973
13.5000	0.0000	1.5564	0.0860	0.0552	0.0000	0.0000	13.8254	8.8831
14.0000	0.0000	1.5557	0.0754	0.0485	0.0147	0.0094	13.8651	8.9127
14.5000	0.0000	1.5559	0.0908	0.0584	0.0006	0.0004	13.8751	8.9180
15.0000	0.0000	1.5555	0.0925	0.0594	0.0005	0.0003	13.6880	8.7998
15.5000	0.0000	1.5556	0.0753	0.0484	0.0045	0.0029	13.6510	8.7754
16.0000	0.0000	1.5556	0.0913	0.0587	0.0005	0.0003	13.6482	8.7738
16.5000	0.0000	1.5560	0.0943	0.0606	0.0187	0.0120	13.5852	8.7309
17.0000	0.0000	1.5550	0.1072	0.0689	0.0068	0.0044	13.4195	8.6297
17.5000	0.0000	1.5584	0.1154	0.0740	0.0135	0.0086	13.5112	8.6700
18.0000	0.0000	1.5556	0.1483	0.0953	0.0047	0.0030	13.5023	8.6800
18.5000	0.0000	1.5502	0.1684	0.1086	0.0008	0.0005	13.5026	8.7102
19.0000	0.0000	1.5551	0.2325	0.1495	0.0229	0.0147	13.5635	8.7219
19.5000	0.0000	1.5566	0.2877	0.1848	0.0017	0.0011	13.6291	8.7559
20.0000	0.0000	1.5566	0.3836	0.2465	0.0147	0.0095	13.6937	8.7971
20.5000	0.0000	1.5675	0.5055	0.3225	0.0181	0.0116	13.9274	8.8853
21.0000	0.0000	1.5560	0.6436	0.4136	0.0151	0.0097	14.0356	9.0202
21.5000	0.0000	1.5561	0.7974	0.5125	0.0106	0.0068	14.3263	9.2068
22.0000	0.0000	1.5561	0.9190	0.5906	0.0148	0.0095	14.4534	9.2882
22.5000	0.0000	1.5558	1.0481	0.6737	0.0014	0.0009	14.6788	9.4349
23.0000	0.0000	1.5574	1.1845	0.7606	0.0016	0.0011	14.9302	9.5866
23.5000	0.0000	1.5547	1.2892	0.8293	0.0010	0.0006	14.9743	9.6317
24.0000	0.0000	1.5555	1.3482	0.8667	0.0023	0.0015	14.8691	9.5590
24.5000	0.0000	1.5558	1.3758	0.8843	0.0016	0.0011	14.8038	9.5155
25.0000	0.0000	1.5568	1.3538	0.8696	0.0002	0.0001	14.7839	9.4966
25.5000	0.0000	1.5548	1.3131	0.8446	0.0075	0.0048	14.6647	9.4320
26.0000	0.0000	1.5515	1.1584	0.7467	0.0009	0.0006	14.2913	9.2115
26.5000	0.0000	1.5541	1.0192	0.6558	0.0005	0.0003	14.1038	9.0754
27.0000	0.0000	1.5540	0.8976	0.5776	0.0013	0.0008	13.8035	8.8824
27.5000	0.0000	1.5599	0.7441	0.4770	0.0012	0.0008	13.3156	8.5360
28.0000	0.0000	1.5543	0.6207	0.3993	0.0129	0.0083	12.9573	8.3363
28.5000	0.0000	1.5545	0.5421	0.3487	0.0186	0.0120	12.7071	8.1744
29.0000	0.0000	1.5545	0.4164	0.2679	0.0109	0.0070	12.5156	8.0513
29.5000	0.0000	1.5550	0.3333	0.2144	0.0028	0.0018	12.1454	7.8106
30.0000	0.0000	1.5543	0.2627	0.1690	0.0022	0.0014	11.9372	7.6799
30.5000	0.0000	1.5543	0.2059	0.1325	0.0088	0.0056	11.8415	7.6185
31.0000	0.0000	1.5549	0.1583	0.1018	0.0486	0.0312	11.6020	7.4618
31.5000	0.0000	1.5549	0.1313	0.0845	0.0194	0.0124	11.3396	7.2930
32.0000	0.0000	1.5541	0.1028	0.0662	0.0013	0.0008	11.2244	7.2223
32.5000	0.0000	1.5542	0.0955	0.0615	0.0069	0.0044	11.1844	7.1963
33.0000	0.0000	1.3466	0.0687	0.0511	0.0050	0.0037	9.3959	6.9775
33.5000	0.0000	1.3936	0.0696	0.0499	0.0014	0.0010	9.7297	6.9816
34.0000	0.0000	1.5443	0.0661	0.0428	0.0015	0.0010	10.8104	7.0001
34.5000	0.0000	1.5576	0.0806	0.0517	0.0005	0.0003	10.6608	6.8443
35.0000	0.0000	1.5588	0.0744	0.0477	0.0104	0.0067	10.5727	6.7826
35.5000	0.0000	1.5587	0.0811	0.0520	0.0014	0.0009	10.5801	6.7879
36.0000	0.0000	1.5580	0.0654	0.0420	0.0018	0.0011	10.5188	6.7515
36.5000	0.0000	1.5581	0.0679	0.0436	0.0018	0.0012	10.3712	6.6561
37.0000	0.0000	1.5566	0.0883	0.0567	0.0037	0.0024	10.3522	6.6506
37.5000	0.0000	1.5566	0.0689	0.0442	0.0234	0.0150	10.2527	6.5864
38.0000	0.0000	1.5572	0.0540	0.0347	0.0022	0.0014	10.0184	6.4336
38.5000	0.0000	1.5581	0.0619	0.0397	0.0056	0.0036	10.0589	6.4559
39.0000	0.0000	1.5580	0.0548	0.0352	0.0122	0.0078	10.0288	6.4369
39.5000	0.0000	1.5570	0.0701	0.0450	0.0011	0.0007	9.9547	6.3934
40.0000	0.0000	1.5572	0.0540	0.0347	0.0007	0.0005	9.8711	6.3392
40.5000	0.0000	1.5577	0.0727	0.0467	0.0195	0.0125	9.7546	6.2623
41.0000	0.0000	1.5580	0.0614	0.0394	0.0009	0.0005	9.7336	6.2476
41.5000	0.0000	1.5584	0.0563	0.0361	0.0018	0.0011	9.6460	6.1897
42.0000	0.0000	1.5582	0.0687	0.0441	0.0006	0.0004	9.5814	6.1489
42.5000	0.0000	1.5556	0.0607	0.0390	0.0082	0.0052	9.5219	6.1211
43.0000	0.0000	1.5544	0.0544	0.0350	0.0014	0.0009	9.4456	6.0765
43.5000	0.0000	1.5680	0.0637	0.0406	0.0068	0.0043	9.3436	5.9589
44.0000	0.0000	1.5657	0.0584	0.0373	0.0083	0.0053	9.3717	5.9855
44.5000	0.0000	1.5583	0.0691	0.0443	0.0017	0.0011	9.2087	5.9096
45.0000	0.0000	1.5612	0.0631	0.0404	0.0013	0.0008	9.0686	5.8088
45.5000	0.0000	1.5588	0.0551	0.0354	0.0011	0.0007	9.0204	5.7866
46.0000	0.0000	1.5589	0.0695	0.0446	0.0013	0.0009	8.9581	5.7465
46.5000	0.0000	1.5580	0.0523	0.0336	0.0008	0.0005	8.9269	5.7297
47.0000	0.0000	1.5574	0.0692	0.0444	0.0002	0.0001	8.7827	5.6393
47.5000	0.0000	1.5577	0.0612	0.0393	0.0009	0.0006	8.7982	5.6481
48.0000	0.0000	1.5576	0.0562	0.0361	0.0196	0.0126	8.6290	5.5400
48.5000	0.0000	1.5571	0.0597	0.0384	0.0012	0.0008	8.5159	5.4690
49.0000	0.0000	1.5578	0.0575	0.0369	0.5899	0.3787	8.6585	5.5582
49.5000	0.0000	1.5570	0.0509	0.0327	0.0006	0.0004	8.5025	5.4608
50.0000	0.0000	1.5581	0.0585	0.0376	0.0005	0.0003	8.4547	5.4264
50.5000	0.0000	1.5577	0.0521	0.0334	0.0009	0.0006	8.3872	5.3844
51.0000	0.0000	1.5571	0.0464	0.0298	0.0010	0.0006	8.2716	5.3120
51.5000	0.0000	1.5579	0.0582	0.0374	0.0000	0.0000	8.1149	5.2088
52.0000	0.0000	1.5570	0.0382	0.0245	0.0014	0.0009	8.1811	5.2543
52.5000	0.0000	1.5584	0.0389	0.0250	0.0008	0.0005	8.0395	5.1587
53.0000	0.0000	1.5572	0.0575	0.0369	0.0009	0.0006	7.9343	5.0951
53.5000	0.0000	1.5573	0.0423	0.0271	0.0076	0.0049	7.9659	5.1153
54.0000	0.0000	1.5559	0.0635	0.0408	0.0006	0.0004	7.8246	5.0290
54.5000	0.0000	1.5567	0.0549	0.0353	0.0006	0.0004	7.8074	5.0154
55.0000	0.0000	1.5589	0.0567	0.0364	0.0017	0.0011	7.7992	5.0029
55.5000	0.0000	1.5575	0.0489	0.0314	0.0007	0.0004	7.6679	4.9233
56.0000	0.0000	1.5575	0.0414	0.0266	0.0055	0.0036	7.6183	4.8913
56.5000	0.0000	1.5572	0.0498	0.0320	0.0006	0.0004	7.6313	4.9007
57.0000	0.0000	1.5562	0.0408	0.0262	0.0006	0.0004	7.6102	4.8901
57.5000	0.0000	1.5576	0.0555	0.0356	0.0007	0.0005	7.4456	4.7803
58.0000	0.0000	1.5577	0.0427	0.0274	0.0157	0.0101	7.3607	4.7254
58.5000	0.0000	1.5595	0.0508	0.0326	0.0010	0.0007	7.3662	4.7234
59.0000	0.0000	1.5564	0.0438	0.0281	0.0092	0.0059	7.1829	4.6151
59.5000	0.0000	1.5573	0.0394	0.0253	0.0113	0.0072	7.2247	4.6391
60.0000	0.0000	1.5575	0.0492	0.0316	0.0003	0.0002	7.2110	4.6300
60.5000	0.0000	1.5571	0.0418	0.0269	0.0000	0.0000	7.0494	4.5272
61.0000	0.0000	1.5574	0.0492	0.0316	0.0008	0.0005	7.0097	4.5009
61.5000	0.0000	1.5564	0.0471	0.0303	0.0003	0.0002	6.9720	4.4796
62.0000	0.0000	1.5583	0.0439	0.0282	0.0007	0.0004	6.9617	4.4676
62.5000	0.0000	1.5576	0.0435	0.0279	0.0106	0.0068	6.7677	4.3449
63.0000	0.0000	1.5576	0.0668	0.0429	0.0005	0.0003	6.7839	4.3554
63.5000	0.0000	1.5597	0.0427	0.0274	0.0008	0.0005	6.8053	4.3633
64.0000	0.0000	1.5572	0.0426	0.0274	0.0007	0.0005	6.7466	4.3325
64.5000	0.0000	1.5577	0.0359	0.0230	0.0007	0.0004	6.6344	4.2590
65.0000	0.0000	1.5577	0.0407	0.0261	0.0008	0.0005	6.6713	4.2826
65.5000	0.0000	1.5577	0.0450	0.0289	0.0003	0.0002	6.5987	4.2362
66.0000	0.0000	1.5578	0.0563	0.0361	0.0005	0.0003	6.4444	4.1369
66.5000	0.0000	1.5576	0.0422	0.0271	0.0580	0.0372	6.5052	4.1765
67.0000	0.0000	1.5568	0.0279	0.0179	0.0003	0.0002	6.3264	4.0638
67.5000	0.0000	1.5556	0.0286	0.0184	0.0004	0.0003	6.2862	4.0410
68.0000	0.0000	1.5569	0.0322	0.0207	0.0057	0.0037	6.1679	3.9617
68.5000	0.0000	1.5564	0.0316	0.0203	0.0024	0.0015	6.1866	3.9750
69.0000	0.0000	1.5571	0.0415	0.0266	0.0005	0.0003	6.1942	3.9781
69.5000	0.0000	1.5573	0.0404	0.0259	0.0005	0.0003	6.1243	3.9326
70.0000	0.0000	1.5570	0.0371	0.0238	0.0012	0.0008	6.0837	3.9073
70.5000	0.0000	1.5575	0.0331	0.0212	0.0004	0.0002	5.9673	3.8314
71.0000	0.0000	1.5574	0.0577	0.0370	0.0107	0.0069	5.9886	3.8452
71.5000	0.0000	1.5575	0.0504	0.0324	0.0011	0.0007	5.9136	3.7969
72.0000	0.0000	1.5586	0.0302	0.0194	0.0005	0.0003	5.9107	3.7923
72.5000	0.0000	1.5579	0.0375	0.0241	0.0066	0.0043	5.7750	3.7068
73.0000	0.0000	1.5576	0.0413	0.0265	0.0009	0.0006	5.8426	3.7511
73.5000	0.0000	1.5575	0.0334	0.0214	0.0009	0.0006	5.7771	3.7092
74.0000	0.0000	1.5581	0.0356	0.0228	0.0068	0.0043	5.6866	3.6498
74.5000	0.0000	1.5574	0.0498	0.0320	0.0018	0.0012	5.6428	3.6232
75.0000	0.0000	1.5582	0.0489	0.0314	0.0002	0.0001	5.5887	3.5866
75.5000	0.0000	1.5587	0.0338	0.0217	0.0013	0.0008	5.6222	3.6070
76.0000	0.0000	1.5574	0.0281	0.0181	0.0142	0.0091	5.5021	3.5328
76.5000	0.0000	1.5564	0.0333	0.0214	0.0009	0.0006	5.5517	3.5671
77.0000	0.0000	1.5581	0.0307	0.0197	0.0007	0.0005	5.4169	3.4766
77.5000	0.0000	1.5572	0.0300	0.0193	0.0025	0.0016	5.3004	3.4038
78.0000	0.0000	1.5571	0.0329	0.0211	0.0003	0.0002	5.3120	3.4114
78.5000	0.0000	1.5581	0.0342	0.0219	0.0011	0.0007	5.3404	3.4275
79.0000	0.0000	1.5573	0.0292	0.0188	0.0003	0.0002	5.3085	3.4088
79.5000	0.0000	1.5582	0.0454	0.0291	0.0011	0.0007	5.2150	3.3468
80.0000	0.0000	1.5573	0.0234	0.0150	0.0008	0.0005	5.1965	3.3368
80.5000	0.0000	1.5605	0.0417	0.0267	0.0008	0.0005	5.1485	3.2993
81.0000	0.0000	1.5558	0.0195	0.0125	0.0028	0.0018	5.0888	3.2709
81.5000	0.0000	1.5559	0.0294	0.0189	0.0013	0.0008	5.0241	3.2291
82.0000	0.0000	1.5577	0.0257	0.0165	0.0012	0.0008	5.0135	3.2185
82.5000	0.0000	1.5577	0.0257	0.0165	0.0004	0.0003	4.9857	3.2006
83.0000	0.0000	1.5576	0.0431	0.0277	0.0005	0.0003	4.9446	3.1745
83.5000	0.0000	1.5563	0.0398	0.0255	0.0076	0.0049	4.9226	3.1629
84.0000	0.0000	1.5583	0.0416	0.0267	0.0007	0.0004	4.8190	3.0924
84.5000	0.0000	1.5582	0.0319	0.0205	0.0003	0.0002	4.8200	3.0932
85.0000	0.0000	1.5587	0.0256	0.0164	0.0143	0.0092	4.7941	3.0756
85.5000	0.0000	1.5584	0.0328	0.0210	0.0009	0.0006	4.7136	3.0248
86.0000	0.0000	1.5577	0.0291	0.0187	0.0132	0.0084	4.6934	3.0131
86.5000	0.0000	1.5585	0.0266	0.0171	0.0010	0.0007	4.6720	2.9978
87.0000	0.0000	1.5571	0.0367	0.0236	0.0089	0.0057	4.6325	2.9751
87.5000	0.0000	1.5577	0.0412	0.0265	0.0011	0.0007	4.6028	2.9549
88.0000	0.0000	1.5580	0.0294	0.0189	0.0007	0.0004	4.5989	2.9518
88.5000	0.0000	1.5578	0.0238	0.0153	0.0009	0.0006	4.5490	2.9201
89.0000	0.0000	1.5579	0.0202	0.0130	0.0007	0.0004	4.5359	2.9114
89.5000	0.0000	1.5582	0.0237	0.0152	0.0008	0.0005	4.4515	2.8568
90.0000	0.0000	1.5569	0.0191	0.0123	0.0002	0.0001	4.4550	2.8615
90.5000	0.0000	1.5577	0.0142	0.0091	0.0015	0.0010	4.3906	2.8186
91.0000	0.0000	1.5588	0.0289	0.0185	0.0010	0.0007	4.3489	2.7899
91.5000	0.0000	1.5587	0.0330	0.0212	0.0005	0.0003	4.4101	2.8293
92.0000	0.0000	1.5573	0.0259	0.0166	0.0087	0.0056	4.2736	2.7443
92.5000	0.0000	1.5575	0.0365	0.0234	0.0006	0.0004	4.2727	2.7432
93.0000	0.0000	1.5574	0.0257	0.0165	0.0014	0.0009	4.2005	2.6971
93.5000	0.0000	1.5569	0.0240	0.0154	0.0006	0.0004	4.1867	2.6891
94.0000	0.0000	1.5578	0.0124	0.0080	0.0005	0.0003	4.2557	2.7318
94.5000	0.0000	1.5572	0.0268	0.0172	0.0010	0.0007	4.1561	2.6690
95.0000	0.0000	1.5570	0.0310	0.0199	0.0009	0.0005	4.1027	2.6350
95.5000	0.0000	1.5548	0.0240	0.0154	0.0130	0.0084	4.0631	2.6134
96.0000	0.0000	1.5557	0.0150	0.0096	0.0114	0.0073	4.0426	2.5986
96.5000	0.0000	1.5577	0.0150	0.0096	0.0007	0.0004	3.9576	2.5407
97.0000	0.0000	1.5604	0.0285	0.0183	0.0013	0.0008	4.0285	2.5817
97.5000	0.0000	1.5578	0.0125	0.0080	0.0003	0.0002	3.9770	2.5530
98.0000	0.0000	1.5577	0.0198	0.0127	0.0006	0.0004	3.9090	2.5094
98.5000	0.0000	1.5578	0.0323	0.0207	0.0000	0.0000	3.8567	2.4757
99.0000	0.0000	1.5576	0.0253	0.0162	0.0011	0.0007	3.8733	2.4867
99.5000	0.0000	1.5575	0.0171	0.0110	0.0010	0.0007	3.8691	2.4842
100.0000	0.0000	1.5577	0.0271	0.0174	0.0069	0.0044	3.8036	2.4419
0.0000	-100.0000	1.5581	0.0177	0.0113	0.0013	0.0008	4.1812	2.6835
0.0000	-99.5000	1.5577	0.0229	0.0147	0.0058	0.0038	4.2161	2.7067
0.0000	-99.0000	1.5579	0.0366	0.0235	0.0005	0.0003	4.2083	2.7013
0.0000	-98.5000	1.5578	0.0267	0.0172	0.0012	0.0007	4.2652	2.7379
0.0000	-98.0000	1.5573	0.0206	0.0132	0.0011	0.0007	4.3159	2.7714
0.0000	-97.5000	1.5576	0.0197	0.0126	0.0045	0.0029	4.3855	2.8156
0.0000	-97.0000	1.5577	0.0274	0.0176	0.0000	0.0000	4.4139	2.8336
0.0000	-96.5000	1.5579	0.0213	0.0136	0.0009	0.0006	4.4380	2.8488
0.0000	-96.0000	1.5572	0.0172	0.0111	0.0009	0.0006	4.4748	2.8736
0.0000	-95.5000	1.5575	0.0193	0.0124	0.0009	0.0006	4.5632	2.9298
0.0000	-95.0000	1.5584	0.0422	0.0271	0.0064	0.0041	4.5401	2.9133
0.0000	-94.5000	1.5574	0.0223	0.0143	0.0005	0.0003	4.6606	2.9925
0.0000	-94.0000	1.5570	0.0291	0.0187	0.0004	0.0003	4.7226	3.0332
0.0000	-93.5000	1.5573	0.0315	0.0202	0.0030	0.0019	4.7538	3.0526
0.0000	-93.0000	1.5579	0.0262	0.0168	0.0006	0.0004	4.8056	3.0848
0.0000	-92.5000	1.5577	0.0321	0.0206	0.0003	0.0002	4.8265	3.0986
0.0000	-92.0000	1.5577	0.0181	0.0116	0.0099	0.0063	4.9003	3.1458
0.0000	-91.5000	1.5579	0.0359	0.0231	0.0084	0.0054	4.9074	3.1500
0.0000	-91.0000	1.5575	0.0353	0.0227	0.0001	0.0001	4.9582	3.1835
0.0000	-90.5000	1.5578	0.0352	0.0226	0.0014	0.0009	5.0404	3.2355
0.0000	-90.0000	1.5564	0.0377	0.0242	0.1660	0.1067	5.0194	3.2250
0.0000	-89.5000	1.5572	0.0316	0.0203	0.0010	0.0006	5.1690	3.3195
0.0000	-89.0000	1.5581	0.0357	0.0229	0.0001	0.0001	5.1147	3.2827
0.0000	-88.5000	1.5579	0.0299	0.0192	0.0145	0.0093	5.1842	3.3277
0.0000	-88.0000	1.5570	0.0389	0.0250	0.0004	0.0003	5.2614	3.3793
0.0000	-87.5000	1.5569	0.0232	0.0149	0.0008	0.0005	5.2582	3.3773
0.0000	-87.0000	1.5580	0.0339	0.0218	0.0008	0.0005	5.3891	3.4590
0.0000	-86.5000	1.5580	0.0333	0.0214	0.0050	0.0032	5.4269	3.4832
0.0000	-86.0000	1.5576	0.0352	0.0226	0.0005	0.0003	5.4479	3.4977
0.0000	-85.5000	1.5575	0.0305	0.0196	0.0003	0.0002	5.5513	3.5643
0.0000	-85.0000	1.5579	0.0325	0.0208	0.0171	0.0110	5.5217	3.5442
0.0000	-84.5000	1.5580	0.0384	0.0246	0.0004	0.0002	5.6329	3.6155
0.0000	-84.0000	1.5574	0.0604	0.0388	0.0003	0.0002	5.6918	3.6548
0.0000	-83.5000	1.5570	0.0207	0.0133	0.0014	0.0009	5.7266	3.6779
0.0000	-83.0000	1.5577	0.0383	0.0246	0.0005	0.0003	5.7468	3.6894
0.0000	-82.5000	1.5573	0.0325	0.0209	0.0009	0.0006	5.8043	3.7271
0.0000	-82.0000	1.5574	0.0439	0.0282	0.0002	0.0001	5.8472	3.7545
0.0000	-81.5000	1.5577	0.0503	0.0323	0.0102	0.0065	5.9191	3.7999
0.0000	-81.0000	1.5585	0.0544	0.0349	0.0002	0.0001	5.9790	3.8363
0.0000	-80.5000	1.5577	0.0460	0.0295	0.0000	0.0000	6.0632	3.8923
0.0000	-80.0000	1.5579	0.0414	0.0266	0.0003	0.0002	6.1626	3.9557
0.0000	-79.5000	1.5579	0.0420	0.0269	0.0001	0.0001	6.1406	3.9416
0.0000	-79.0000	1.5578	0.0433	0.0278	0.0032	0.0020	6.2451	4.0088
0.0000	-78.5000	1.5574	0.0439	0.0282	0.0069	0.0044	6.2573	4.0179
0.0000	-78.0000	1.5592	0.0506	0.0325	0.0012	0.0008	6.3472	4.0708
0.0000	-77.5000	1.5567	0.0456	0.0293	0.0005	0.0003	6.2817	4.0353
0.0000	-77.0000	1.5585	0.0441	0.0283	0.0009	0.0006	6.3652	4.0842
0.0000	-76.5000	1.5581	0.0534	0.0343	0.0002	0.0001	6.4396	4.1330
0.0000	-76.0000	1.5579	0.0437	0.0281	0.0004	0.0003	6.3885	4.1008
0.0000	-75.5000	1.5576	0.0372	0.0239	0.0012	0.0008	6.5012	4.1740
0.0000	-75.0000	1.5571	0.0501	0.0322	0.0003	0.0002	6.6000	4.2386
0.0000	-74.5000	1.5576	0.0366	0.0235	0.0007	0.0004	6.6408	4.2635
0.0000	-74.0000	1.5577	0.0570	0.0366	0.0101	0.0065	6.6421	4.2640
0.0000	-73.5000	1.5581	0.0570	0.0366	0.0003	0.0002	6.7979	4.3630
0.0000	-73.0000	1.5584	0.0393	0.0252	0.0109	0.0070	6.8116	4.3710
0.0000	-72.5000	1.5575	0.0516	0.0331	0.0013	0.0008	6.8569	4.4025
0.0000	-72.0000	1.5572	0.0432	0.0277	0.0073	0.0047	6.8075	4.3717
0.0000	-71.5000	1.5572	0.0426	0.0274	0.0003	0.0002	6.8953	4.4279
0.0000	-71.0000	1.5574	0.0388	0.0249	0.0007	0.0005	6.9567	4.4668
0.0000	-70.5000	1.5579	0.0455	0.0292	0.0099	0.0064	7.0387	4.5181
0.0000	-70.0000	1.5580	0.0407	0.0261	0.0015	0.0010	7.0792	4.5439
0.0000	-69.5000	1.5576	0.0428	0.0275	0.0009	0.0006	7.0419	4.5210
0.0000	-69.0000	1.5572	0.0567	0.0364	0.0004	0.0002	7.0990	4.5588
0.0000	-68.5000	1.5575	0.0470	0.0302	0.0004	0.0002	7.1746	4.6064
0.0000	-68.0000	1.5580	0.0512	0.0329	0.0019	0.0012	7.1688	4.6012
0.0000	-67.5000	1.5581	0.0376	0.0241	0.0000	0.0000	7.3364	4.7087
0.0000	-67.0000	1.5574	0.0563	0.0361	0.0000	0.0000	7.4583	4.7889
0.0000	-66.5000	1.5576	0.0510	0.0327	0.0004	0.0002	7.3992	4.7505
0.0000	-66.0000	1.5582	0.0561	0.0360	0.0005	0.0003	7.4782	4.7992
0.0000	-65.5000	1.5579	0.0417	0.0268	0.0005	0.0003	7.4971	4.8124
0.0000	-65.0000	1.5574	0.0510	0.0327	0.0092	0.0059	7.5023	4.8172
0.0000	-64.5000	1.5575	0.0448	0.0288	0.0084	0.0054	7.6204	4.8927
0.0000	-64.0000	1.5572	0.0422	0.0271	0.0014	0.0009	7.5372	4.8403
0.0000	-63.5000	1.5570	0.0482	0.0310	0.0210	0.0135	7.7409	4.9717
0.0000	-63.0000	1.5580	0.0479	0.0307	0.0010	0.0006	7.7726	4.9888
0.0000	-62.5000	1.5579	0.0472	0.0303	0.0007	0.0005	7.8525	5.0405
0.0000	-62.0000	1.5566	0.0562	0.0361	0.0005	0.0003	7.9048	5.0782
0.0000	-61.5000	1.5575	0.0518	0.0333	0.0005	0.0003	7.9399	5.0980
0.0000	-61.0000	1.5576	0.0593	0.0381	0.0169	0.0108	7.9759	5.1206
0.0000	-60.5000	1.5570	0.0528	0.0339	0.0008	0.0005	8.1954	5.2636
0.0000	-60.0000	1.5576	0.0551	0.0353	0.0015	0.0010	8.1093	5.2063
0.0000	-59.5000	1.5568	0.0535	0.0343	0.0009	0.0006	8.0755	5.1873
0.0000	-59.0000	1.5577	0.0610	0.0392	0.0008	0.0005	8.2590	5.3022
0.0000	-58.5000	1.5569	0.0524	0.0337	0.0004	0.0003	8.3239	5.3465
0.0000	-58.0000	1.5580	0.0632	0.0406	0.0015	0.0010	8.3963	5.3893
0.0000	-57.5000	1.5583	0.0842	0.0541	0.0056	0.0036	8.4632	5.4309
0.0000	-57.0000	1.5579	0.0582	0.0374	0.0190	0.0122	8.4935	5.4519
0.0000	-56.5000	1.5570	0.0774	0.0497	0.0003	0.0002	8.5080	5.4645
0.0000	-56.0000	1.5574	0.0962	0.0618	0.0004	0.0003	8.6678	5.5655
0.0000	-55.5000	1.5573	0.0804	0.0516	0.0040	0.0026	8.8034	5.6529
0.0000	-55.0000	1.5580	0.1061	0.0681	0.0189	0.0121	8.8150	5.6580
0.0000	-54.5000	1.5582	0.1116	0.0716	0.0019	0.0012	8.9224	5.7260
0.0000	-54.0000	1.5579	0.1137	0.0730	0.0012	0.0008	8.9810	5.7648
0.0000	-53.5000	1.5570	0.1220	0.0784	0.0013	0.0008	8.9989	5.7795
0.0000	-53.0000	1.5572	0.1327	0.0852	0.0251	0.0161	9.0966	5.8417
0.0000	-52.5000	1.5573	0.1131	0.0726	0.0025	0.0016	9.0593	5.8173
0.0000	-52.0000	1.5575	0.1028	0.0660	0.0116	0.0075	9.1683	5.8867
0.0000	-51.5000	1.5576	0.0956	0.0614	0.0003	0.0002	9.2027	5.9083
0.0000	-51.0000	1.5579	0.0956	0.0614	0.0008	0.0005	9.3230	5.9842
0.0000	-50.5000	1.5576	0.0845	0.0543	0.0012	0.0008	9.3422	5.9979
0.0000	-50.0000	1.5571	0.0735	0.0472	0.0001	0.0001	9.3406	5.9986
0.0000	-49.5000	1.5576	0.0701	0.0450	0.0005	0.0003	9.4109	6.0421
0.0000	-49.0000	1.5579	0.0667	0.0428	0.0021	0.0014	9.4905	6.0918
0.0000	-48.5000	1.5583	0.0613	0.0393	0.0009	0.0006	9.5560	6.1325
0.0000	-48.0000	1.5579	0.0609	0.0391	0.0010	0.0006	9.6382	6.1868
0.0000	-47.5000	1.5577	0.0812	0.0521	0.0004	0.0002	9.7413	6.2536
0.0000	-47.0000	1.5581	0.0584	0.0375	0.0000	0.0000	9.6556	6.1970
0.0000	-46.5000	1.5581	0.0594	0.0381	0.0006	0.0004	9.8452	6.3187
0.0000	-46.0000	1.5588	0.0658	0.0422	0.0004	0.0003	9.9934	6.4110
0.0000	-45.5000	1.5561	0.0653	0.0420	0.0004	0.0003	10.0567	6.4629
0.0000	-45.0000	1.5580	0.0589	0.0378	0.0008	0.0005	9.9120	6.3618
0.0000	-44.5000	1.5582	0.0593	0.0381	0.0003	0.0002	10.1086	6.4875
0.0000	-44.0000	1.5581	0.0576	0.0369	0.0014	0.0009	10.2108	6.5536
0.0000	-43.5000	1.5573	0.0615	0.0395	0.0181	0.0116	10.1803	6.5373
0.0000	-43.0000	1.5579	0.0589	0.0378	0.0004	0.0003	10.2861	6.6027
0.0000	-42.5000	1.5576	0.0722	0.0464	0.0082	0.0053	10.3707	6.6581
0.0000	-42.0000	1.5567	0.0730	0.0469	0.0008	0.0005	10.4883	6.7377
0.0000	-41.5000	1.5571	0.0696	0.0447	0.0000	0.0000	10.3943	6.6754
0.0000	-41.0000	1.5573	0.0729	0.0468	0.0004	0.0003	10.5753	6.7908
0.0000	-40.5000	1.5583	0.0615	0.0394	0.0013	0.0009	10.6075	6.8070
0.0000	-40.0000	1.5578	0.0771	0.0495	0.0008	0.0005	10.6582	6.8418
0.0000	-39.5000	1.5572	0.0601	0.0386	0.0012	0.0008	10.7376	6.8952
0.0000	-39.0000	1.5576	0.0715	0.0459	0.0000	0.0000	10.8702	6.9787
0.0000	-38.5000	1.5577	0.0660	0.0423	0.0007	0.0005	10.9020	6.9986
0.0000	-38.0000	1.5574	0.0654	0.0420	0.0005	0.0003	10.8008	6.9352
0.0000	-37.5000	1.5575	0.0725	0.0466	0.0011	0.0007	10.8764	6.9833
0.0000	-37.0000	1.5575	0.0647	0.0415	0.0011	0.0007	11.1497	7.1586
0.0000	-36.5000	1.5575	0.0726	0.0466	0.0003	0.0002	11.2086	7.1965
0.0000	-36.0000	1.5576	0.0826	0.0530	0.0009	0.0006	11.2560	7.2264
0.0000	-35.5000	1.5578	0.0742	0.0476	0.0011	0.0007	11.3653	7.2956
0.0000	-35.0000	1.5576	0.0611	0.0392	0.0004	0.0003	11.4954	7.3801
0.0000	-34.5000	1.5577	0.0769	0.0493	0.0008	0.0005	11.6637	7.4877
0.0000	-34.0000	1.5575	0.0857	0.0550	0.0143	0.0092	11.4965	7.3815
0.0000	-33.5000	1.5572	0.0944	0.0606	0.0000	0.0000	11.7008	7.5138
0.0000	-33.0000	1.5574	0.0942	0.0605	0.0013	0.0009	11.8055	7.5801
0.0000	-32.5000	1.5575	0.1060	0.0681	0.0007	0.0005	11.7772	7.5618
0.0000	-32.0000	1.5577	0.1103	0.0708	0.0005	0.0003	11.9822	7.6923
0.0000	-31.5000	1.5575	0.1399	0.0898	0.0006	0.0004	12.1285	7.7871
0.0000	-31.0000	1.5575	0.1684	0.1081	0.0005	0.0003	12.3826	7.9505
0.0000	-30.5000	1.5575	0.2193	0.1408	0.0007	0.0005	12.5018	8.0271
0.0000	-30.0000	1.5579	0.2758	0.1770	0.0007	0.0004	12.7530	8.1859
0.0000	-29.5000	1.5575	0.3801	0.2440	0.0011	0.0007	12.9503	8.3148
0.0000	-29.0000	1.5580	0.4658	0.2990	0.0013	0.0008	13.2306	8.4919
0.0000	-28.5000	1.5571	0.6043	0.3881	0.0009	0.0006	13.5889	8.7268
0.0000	-28.0000	1.5570	0.7416	0.4763	0.0058	0.0038	13.7209	8.8123
0.0000	-27.5000	1.5570	0.8353	0.5365	0.0012	0.0008	13.8747	8.9114
0.0000	-27.0000	1.5569	0.9693	0.6226	0.0001	0.0001	14.2516	9.1538
0.0000	-26.5000	1.5578	1.0261	0.6587	0.0082	0.0053	14.5095	9.3138
0.0000	-26.0000	1.5577	0.9822	0.6306	0.0009	0.0006	14.3921	9.2393
0.0000	-25.5000	1.5573	0.9008	0.5784	0.0005	0.0003	14.2766	9.1674
0.0000	-25.0000	1.5574	0.7829	0.5027	0.0009	0.0006	14.3158	9.1922
0.0000	-24.5000	1.5577	0.6909	0.4435	0.0099	0.0063	14.1335	9.0734
0.0000	-24.0000	1.5576	0.5425	0.3483	0.0005	0.0003	13.9867	8.9799
0.0000	-23.5000	1.5580	0.4054	0.2602	0.0012	0.0008	13.7269	8.8105
0.0000	-23.0000	1.5576	0.2982	0.1915	0.0008	0.0005	13.5677	8.7107
0.0000	-22.5000	1.5577	0.2145	0.1377	0.0096	0.0062	13.3961	8.6000
0.0000	-22.0000	1.5578	0.1662	0.1067	0.0010	0.0006	13.3329	8.5586
0.0000	-21.5000	1.5577	0.1324	0.0850	0.0098	0.0063	13.4251	8.6186
0.0000	-21.0000	1.5566	0.1106	0.0710	0.0121	0.0078	13.4608	8.6474
0.0000	-20.5000	1.5572	0.1003	0.0644	0.0011	0.0007	13.3807	8.5930
0.0000	-20.0000	1.5578	0.0954	0.0612	0.0003	0.0002	13.4567	8.6382
0.0000	-19.5000	1.5577	0.0912	0.0585	0.0016	0.0010	13.5439	8.6947
0.0000	-19.0000	1.5576	0.0976	0.0627	0.0003	0.0002	13.5715	8.7129
0.0000	-18.5000	1.5573	0.0825	0.0530	0.0006	0.0004	13.6711	8.7789
0.0000	-18.0000	1.5565	0.0795	0.0511	0.0005	0.0003	13.6671	8.7806
0.0000	-17.5000	1.5570	0.0790	0.0507	0.0007	0.0004	13.6082	8.7400
0.0000	-17.0000	1.5572	0.0819	0.0526	0.0158	0.0101	13.6622	8.7738
0.0000	-16.5000	1.5570	0.0883	0.0567	0.0123	0.0079	13.8077	8.8683
0.0000	-16.0000	1.5577	0.0718	0.0461	0.0006	0.0004	13.7061	8.7988
0.0000	-15.5000	1.5582	0.0854	0.0548	0.0144	0.0092	13.8156	8.8664
0.0000	-15.0000	1.5565	0.0809	0.0520	0.0011	0.0007	13.8847	8.9203
0.0000	-14.5000	1.5569	0.0837	0.0537	0.0010	0.0006	13.9966	8.9902
0.0000	-14.0000	1.5595	0.0710	0.0456	0.0079	0.0050	13.9829	8.9660
0.0000	-13.5000	1.5561	0.0811	0.0521	0.0015	0.0010	14.0581	9.0339
0.0000	-13.0000	1.5568	0.0973	0.0625	0.0087	0.0056	14.1726	9.1036
0.0000	-12.5000	1.5569	0.0944	0.0606	0.0010	0.0006	14.1942	9.1167
0.0000	-12.0000	1.5572	0.0920	0.0591	0.0009	0.0006	14.2897	9.1764
0.0000	-11.5000	1.5575	0.0826	0.0530	0.0085	0.0055	14.4055	9.2492
0.0000	-11.0000	1.5582	0.0908	0.0583	0.0014	0.0009	14.3064	9.1812
0.0000	-10.5000	1.5574	0.0851	0.0546	0.0003	0.0002	14.3404	9.2081
0.0000	-10.0000	1.5568	0.0890	0.0572	0.0065	0.0042	14.3755	9.2343
0.0000	-9.5000	1.5573	0.0836	0.0537	0.0005	0.0003	14.5832	9.3643
0.0000	-9.0000	1.5570	0.1034	0.0664	0.0014	0.0009	14.7770	9.4906
0.0000	-8.5000	1.5575	0.1021	0.0655	0.0003	0.0002	14.7855	9.4934
0.0000	-8.0000	1.5583	0.1195	0.0767	0.0004	0.0003	14.8729	9.5443
0.0000	-7.5000	1.5578	0.1166	0.0749	0.0011	0.0007	14.8327	9.5214
0.0000	-7.0000	1.5570	0.1461	0.0939	0.0007	0.0005	14.9225	9.5844
0.0000	-6.5000	1.5573	0.1679	0.1078	0.0240	0.0154	15.1815	9.7483
0.0000	-6.0000	1.5572	0.2132	0.1369	0.0017	0.0011	15.3322	9.8457
0.0000	-5.5000	1.5570	0.2959	0.1900	0.0015	0.0010	15.6160	10.0294
0.0000	-5.0000	1.5569	0.4344	0.2790	0.0009	0.0006	15.8109	10.1552
0.0000	-4.5000	1.5577	0.5932	0.3808	0.0006	0.0004	16.3476	10.4947
0.0000	-4.0000	1.5575	0.8725	0.5602	0.0017	0.0011	16.9738	10.8979
0.0000	-3.5000	1.5576	1.2049	0.7735	0.0010	0.0006	17.5281	11.2530
0.0000	-3.0000	1.5571	1.6345	1.0497	0.0013	0.0009	18.3552	11.7880
0.0000	-2.5000	1.5572	2.0947	1.3452	0.0008	0.0005	19.2002	12.3300
0.0000	-2.0000	1.5572	2.5801	1.6569	0.0014	0.0009	20.2535	13.0062
0.0000	-1.5000	1.5572	3.1099	1.9971	0.0006	0.0004	21.0951	13.5466
0.0000	-1.0000	1.5576	3.4121	2.1905	0.0002	0.0002	21.6618	13.9069
0.0000	-0.5000	1.5577	3.5877	2.3032	0.0108	0.0069	21.7403	13.9563
0.0000	0.0000	1.5583	3.5971	2.3084	0.0007	0.0005	21.9829	14.1072
0.0000	0.5000	1.5574	3.3418	2.1458	0.0003	0.0002	21.5304	13.8249
0.0000	1.0000	1.5558	2.9178	1.8754	0.0008	0.0005	20.8388	13.3945
0.0000	1.5000	1.5573	2.3720	1.5232	0.0003	0.0002	19.9701	12.8235
0.0000	2.0000	1.5574	1.8062	1.1598	0.0041	0.0026	18.9941	12.1964
0.0000	2.5000	1.5573	1.3396	0.8602	0.0056	0.0036	18.0738	11.6062
0.0000	3.0000	1.5578	1.0131	0.6503	0.0002	0.0001	17.4558	11.2058
0.0000	3.5000	1.5578	0.6628	0.4255	0.0000	0.0000	16.7907	10.7782
0.0000	4.0000	1.5573	0.4748	0.3049	0.0007	0.0005	16.1823	10.3912
0.0000	4.5000	1.5575	0.3077	0.1976	0.0007	0.0004	15.8726	10.1908
0.0000	5.0000	1.5569	0.2458	0.1579	0.0007	0.0005	15.6158	10.0298
0.0000	5.5000	1.5568	0.1793	0.1152	0.0070	0.0045	15.4059	9.8957
0.0000	6.0000	1.5571	0.1582	0.1016	0.0013	0.0008	15.4296	9.9094
0.0000	6.5000	1.5571	0.1186	0.0762	0.0006	0.0004	15.2243	9.7777
0.0000	7.0000	1.5570	0.1022	0.0656	0.0008	0.0005	15.2296	9.7812
0.0000	7.5000	1.5578	0.1021	0.0656	0.0005	0.0003	15.2423	9.7844
0.0000	8.0000	1.5575	0.1094	0.0703	0.0012	0.0008	15.0042	9.6332
0.0000	8.5000	1.5577	0.1008	0.0647	0.0010	0.0007	15.0586	9.6674
0.0000	9.0000	1.5569	0.0902	0.0579	0.0010	0.0006	14.9048	9.5731
0.0000	9.5000	1.5577	0.1010	0.0649	0.0093	0.0060	15.0721	9.6761
0.0000	10.0000	1.5567	0.0874	0.0561	0.0006	0.0004	14.9972	9.6339
0.0000	10.5000	1.5565	0.0959	0.0616	0.0002	0.0002	14.8812	9.5610
0.0000	11.0000	1.5574	0.0864	0.0555	0.0006	0.0004	14.7979	9.5018
0.0000	11.5000	1.5577	0.0867	0.0556	0.0005	0.0003	14.8626	9.5412
0.0000	12.0000	1.5576	0.0884	0.0567	0.0001	0.0001	14.8759	9.5506
0.0000	12.5000	1.5576	0.0839	0.0538	0.0003	0.0002	14.8087	9.5073
0.0000	13.0000	1.5569	0.0791	0.0508	0.0171	0.0110	14.6919	9.4367
0.0000	13.5000	1.5570	0.0952	0.0611	0.0006	0.0004	14.6461	9.4065
0.0000	14.0000	1.5575	0.0793	0.0509	0.0004	0.0003	14.6601	9.4123
0.0000	14.5000	1.5573	0.0860	0.0552	0.0006	0.0004	14.6777	9.4250
0.0000	15.0000	1.5573	0.0876	0.0563	0.0012	0.0008	14.7335	9.4611
0.0000	15.5000	1.5571	0.0866	0.0556	0.0003	0.0002	14.6173	9.3876
0.0000	16.0000	1.5569	0.0842	0.0541	0.0069	0.0044	14.5895	9.3710
0.0000	16.5000	1.5576	0.0876	0.0562	0.0220	0.0141	14.5419	9.3361
0.0000	17.0000	1.5571	0.0875	0.0562	0.0162	0.0104	14.5277	9.3298
0.0000	17.5000	1.5576	0.1034	0.0664	0.0005	0.0004	14.4062	9.2488
0.0000	18.0000	1.5584	0.1064	0.0683	0.0008	0.0005	14.4646	9.2820
0.0000	18.5000	1.5554	0.1148	0.0738	0.0075	0.0048	14.4691	9.3024
0.0000	19.0000	1.5575	0.1340	0.0860	0.0095	0.0061	14.5393	9.3352
0.0000	19.5000	1.5572	0.1470	0.0944	0.0000	0.0000	14.5728	9.3584
0.0000	20.0000	1.5576	0.2074	0.1332	0.0068	0.0044	14.6353	9.3963
0.0000	20.5000	1.5575	0.2839	0.1823	0.0006	0.0004	14.8638	9.5435
0.0000	21.0000	1.5575	0.4184	0.2686	0.0001	0.0001	14.9442	9.5951
0.0000	21.5000	1.5576	0.5992	0.3847	0.0121	0.0077	15.4311	9.9067
0.0000	22.0000	1.5568	0.8554	0.5494	0.0004	0.0002	15.7100	10.0911
0.0000	22.5000	1.5569	1.1678	0.7501	0.0003	0.0002	16.2734	10.4524
0.0000	23.0000	1.5568	1.4116	0.9067	0.0005	0.0003	16.6755	10.7113
0.0000	23.5000	1.5565	1.6750	1.0761	0.0009	0.0006	17.1981	11.0493
0.0000	24.0000	1.5567	1.9147	1.2300	0.0009	0.0006	17.4101	11.1840
0.0000	24.5000	1.5569	1.9578	1.2575	0.0005	0.0004	17.5737	11.2875
0.0000	25.0000	1.5570	1.9144	1.2296	0.0013	0.0008	17.3148	11.1208
0.0000	25.5000	1.5570	1.8247	1.1720	0.0074	0.0047	17.1989	11.0462
0.0000	26.0000	1.5571	1.6268	1.0448	0.0005	0.0003	16.8763	10.8382
0.0000	26.5000	1.5567	1.3793	0.8860	0.0005	0.0003	16.3527	10.5048
0.0000	27.0000	1.5570	1.0477	0.6729	0.0008	0.0005	15.5586	9.9928
0.0000	27.5000	1.5568	0.8370	0.5376	0.0012	0.0008	15.1636	9.7405
0.0000	28.0000	1.5570	0.6297	0.4044	0.0007	0.0004	14.6788	9.4278
0.0000	28.5000	1.5566	0.4765	0.3061	0.0095	0.0061	14.3272	9.2040
0.0000	29.0000	1.5566	0.3750	0.2409	0.0019	0.0012	13.9695	8.9741
0.0000	29.5000	1.5564	0.2472	0.1588	0.0004	0.0002	13.7108	8.8090
0.0000	30.0000	1.5565	0.2067	0.1328	0.0002	0.0002	13.6212	8.7510
0.0000	30.5000	1.5571	0.1579	0.1014	0.0008	0.0005	13.3925	8.6008
0.0000	31.0000	1.5570	0.1230	0.0790	0.0015	0.0009	13.2246	8.4939
0.0000	31.5000	1.5568	0.0936	0.0601	0.0059	0.0038	13.0026	8.3521
0.0000	32.0000	1.5572	0.1013	0.0650	0.0007	0.0004	12.9651	8.3261
0.0000	32.5000	1.5571	0.1073	0.0689	0.0013	0.0008	12.8489	8.2520
0.0000	33.0000	1.5562	0.0872	0.0560	0.0010	0.0007	12.6456	8.1258
0.0000	33.5000	1.5563	0.0687	0.0441	0.0011	0.0007	12.6002	8.0963
0.0000	34.0000	1.5571	0.0747	0.0480	0.0004	0.0002	12.6285	8.1101
0.0000	34.5000	1.5578	0.0726	0.0466	0.0002	0.0001	12.5798	8.0754
0.0000	35.0000	1.5563	0.0678	0.0436	0.0009	0.0006	12.3776	7.9531
0.0000	35.5000	1.5562	0.0812	0.0522	0.0013	0.0008	12.3820	7.9567
0.0000	36.0000	1.5577	0.0753	0.0483	0.0002	0.0001	12.2211	7.8458
0.0000	36.5000	1.5567	0.0686	0.0440	0.0002	0.0001	12.2460	7.8668
0.0000	37.0000	1.5570	0.0816	0.0524	0.0003	0.0002	12.2246	7.8516
0.0000	37.5000	1.5567	0.0784	0.0504	0.0004	0.0003	12.1394	7.7981
0.0000	38.0000	1.5565	0.0823	0.0529	0.0006	0.0004	11.9448	7.6741
0.0000	38.5000	1.5571	0.0711	0.0456	0.0109	0.0070	11.8762	7.6270
0.0000	39.0000	1.5568	0.0820	0.0527	0.0008	0.0005	11.8490	7.6111
0.0000	39.5000	1.5569	0.0729	0.0468	0.0006	0.0004	11.7928	7.5747
0.0000	40.0000	1.5565	0.0767	0.0493	0.0002	0.0002	11.5492	7.4201
0.0000	40.5000	1.5563	0.0781	0.0502	0.0000	0.0000	11.6824	7.5065
0.0000	41.0000	1.5564	0.0803	0.0516	0.0012	0.0008	11.5335	7.4103
0.0000	41.5000	1.5565	0.0804	0.0517	0.0016	0.0010	11.4524	7.3576
0.0000	42.0000	1.5567	0.0756	0.0486	0.0110	0.0070	11.4008	7.3235
0.0000	42.5000	1.5570	0.0784	0.0503	0.0009	0.0006	11.3029	7.2595
0.0000	43.0000	1.5564	0.0736	0.0473	0.0006	0.0004	11.3195	7.2727
0.0000	43.5000	1.5568	0.0565	0.0363	0.0018	0.0012	11.2014	7.1954
0.0000	44.0000	1.5567	0.0618	0.0397	0.0004	0.0003	11.1842	7.1844
0.0000	44.5000	1.5568	0.0756	0.0486	0.0006	0.0004	10.9815	7.0540
0.0000	45.0000	1.5566	0.0630	0.0404	0.0111	0.0071	10.9209	7.0160
0.0000	45.5000	1.5560	0.0756	0.0486	0.0006	0.0004	10.8463	6.9705
0.0000	46.0000	1.5571	0.0743	0.0477	0.0016	0.0010	10.7672	6.9148
0.0000	46.5000	1.5571	0.0857	0.0550	0.0007	0.0004	10.7681	6.9155
0.0000	47.0000	1.5568	0.0939	0.0603	0.0011	0.0007	10.5856	6.7998
0.0000	47.5000	1.5568	0.1160	0.0745	0.0003	0.0002	10.6850	6.8635
0.0000	48.0000	1.5572	0.1318	0.0846	0.0136	0.0088	10.6511	6.8398
0.0000	48.5000	1.5563	0.1566	0.1006	0.0006	0.0004	10.5693	6.7914
0.0000	49.0000	1.5568	0.2012	0.1292	0.0165	0.0106	10.6343	6.8308
0.0000	49.5000	1.5570	0.2305	0.1481	0.0019	0.0012	10.5997	6.8076
0.0000	50.0000	1.5583	0.2520	0.1617	0.0012	0.0008	10.6617	6.8419
0.0000	50.5000	1.5552	0.3033	0.1950	0.0011	0.0007	10.6680	6.8594
0.0000	51.0000	1.5569	0.2868	0.1842	0.0008	0.0005	10.5895	6.8016
0.0000	51.5000	1.5573	0.2929	0.1881	0.0008	0.0005	10.4055	6.6819
0.0000	52.0000	1.5570	0.2641	0.1696	0.0197	0.0126	10.2681	6.5946
0.0000	52.5000	1.5563	0.2436	0.1565	0.0137	0.0088	10.1488	6.5213
0.0000	53.0000	1.5564	0.2062	0.1325	0.0012	0.0008	9.8973	6.3593
0.0000	53.5000	1.5563	0.1894	0.1217	0.0006	0.0004	9.8342	6.3188
0.0000	54.0000	1.5567	0.1506	0.0967	0.0015	0.0010	9.7875	6.2873
0.0000	54.5000	1.5570	0.1252	0.0804	0.0005	0.0003	9.5787	6.1519
0.0000	55.0000	1.5570	0.1038	0.0667	0.0000	0.0000	9.5508	6.1342
0.0000	55.5000	1.5570	0.0888	0.0571	0.0003	0.0002	9.3807	6.0249
0.0000	56.0000	1.5575	0.0831	0.0533	0.0008	0.0005	9.2697	5.9518
0.0000	56.5000	1.5564	0.0772	0.0496	0.0006	0.0004	9.2222	5.9254
0.0000	57.0000	1.5562	0.0741	0.0476	0.0017	0.0011	9.1236	5.8628
0.0000	57.5000	1.5565	0.0682	0.0438	0.0005	0.0003	8.9834	5.7716
0.0000	58.0000	1.5566	0.0769	0.0494	0.0019	0.0012	8.9069	5.7219
0.0000	58.5000	1.5563	0.0742	0.0477	0.0005	0.0003	8.7984	5.6532
0.0000	59.0000	1.5567	0.0519	0.0333	0.0007	0.0004	8.7654	5.6309
0.0000	59.5000	1.5573	0.0757	0.0486	0.0006	0.0004	8.5779	5.5082
0.0000	60.0000	1.5573	0.0576	0.0370	0.0018	0.0011	8.5856	5.5129
0.0000	60.5000	1.5567	0.0457	0.0294	0.0010	0.0006	8.4359	5.4191
0.0000	61.0000	1.5565	0.0502	0.0323	0.0105	0.0067	8.3550	5.3676
0.0000	61.5000	1.5565	0.0525	0.0337	0.0008	0.0005	8.1178	5.2153
0.0000	62.0000	1.5561	0.0411	0.0264	0.0007	0.0005	8.1438	5.2333
0.0000	62.5000	1.5567	0.0536	0.0345	0.0003	0.0002	8.1384	5.2280
0.0000	63.0000	1.5566	0.0369	0.0237	0.0000	0.0000	8.0196	5.1521
0.0000	63.5000	1.5569	0.0424	0.0272	0.0011	0.0007	7.9965	5.1362
0.0000	64.0000	1.5567	0.0430	0.0276	0.0002	0.0001	7.9533	5.1089
0.0000	64.5000	1.5568	0.0596	0.0383	0.0001	0.0001	7.7071	4.9505
0.0000	65.0000	1.5564	0.0557	0.0358	0.0076	0.0049	7.7651	4.9892
0.0000	65.5000	1.5566	0.0506	0.0325	0.0018	0.0012	7.6491	4.9140
0.0000	66.0000	1.5571	0.0519	0.0333	0.0055	0.0035	7.6402	4.9066
0.0000	66.5000	1.5557	0.0471	0.0303	0.0006	0.0004	7.4846	4.8110
0.0000	67.0000	1.5561	0.0502	0.0323	0.0070	0.0045	7.4355	4.7784
0.0000	67.5000	1.5570	0.0482	0.0309	0.0012	0.0008	7.3285	4.7068
0.0000	68.0000	1.5571	0.0538	0.0345	0.0016	0.0010	7.3547	4.7233
0.0000	68.5000	1.5568	0.0469	0.0301	0.0006	0.0004	7.1818	4.6131
0.0000	69.0000	1.5568	0.0499	0.0320	0.0002	0.0002	7.1330	4.5817
0.0000	69.5000	1.5567	0.0384	0.0246	0.0009	0.0006	7.0953	4.5578
0.0000	70.0000	1.5561	0.0534	0.0343	0.3790	0.2436	7.0638	4.5393
0.0000	70.5000	1.5569	0.0398	0.0256	0.0014	0.0009	6.9494	4.4635
0.0000	71.0000	1.5574	0.0491	0.0315	0.0061	0.0039	6.9072	4.4351
0.0000	71.5000	1.5565	0.0467	0.0300	0.0011	0.0007	6.7648	4.3462
0.0000	72.0000	1.5567	0.0381	0.0245	0.0014	0.0009	6.6774	4.2894
0.0000	72.5000	1.5566	0.0440	0.0283	0.0010	0.0007	6.6364	4.2634
0.0000	73.0000	1.5569	0.0539	0.0346	0.0003	0.0002	6.5279	4.1928
0.0000	73.5000	1.5573	0.0495	0.0318	0.0020	0.0013	6.5379	4.1982
0.0000	74.0000	1.5574	0.0250	0.0161	0.0016	0.0010	6.3856	4.1001
0.0000	74.5000	1.5571	0.0399	0.0256	0.0013	0.0008	6.3700	4.0908
0.0000	75.0000	1.5570	0.0443	0.0284	0.0005	0.0003	6.3392	4.0715
0.0000	75.5000	1.5566	0.0453	0.0291	0.0013	0.0009	6.2057	3.9866
0.0000	76.0000	1.5572	0.0442	0.0284	0.0006	0.0004	6.2625	4.0215
0.0000	76.5000	1.5568	0.0396	0.0254	0.0246	0.0158	6.1175	3.9295
0.0000	77.0000	1.5570	0.0419	0.0269	0.0004	0.0003	6.0805	3.9052
0.0000	77.5000	1.5572	0.0439	0.0282	0.0023	0.0015	6.0199	3.8659
0.0000	78.0000	1.5575	0.0450	0.0289	0.0011	0.0007	6.0286	3.8708
0.0000	78.5000	1.5573	0.0593	0.0381	0.0006	0.0004	5.9058	3.7922
0.0000	79.0000	1.5570	0.0428	0.0275	0.0069	0.0044	5.7889	3.7179
0.0000	79.5000	1.5574	0.0277	0.0178	0.0099	0.0064	5.7891	3.7172
0.0000	80.0000	1.5571	0.0363	0.0233	0.0013	0.0008	5.7505	3.6932
0.0000	80.5000	1.5568	0.0320	0.0206	0.0009	0.0006	5.6380	3.6215
0.0000	81.0000	1.5571	0.0294	0.0189	0.0019	0.0012	5.5420	3.5591
0.0000	81.5000	1.5572	0.0390	0.0250	0.0000	0.0000	5.5183	3.5436
0.0000	82.0000	1.5585	0.0371	0.0238	0.0009	0.0006	5.4217	3.4787
0.0000	82.5000	1.5552	0.0334	0.0215	0.0051	0.0033	5.3897	3.4657
0.0000	83.0000	1.5568	0.0349	0.0224	0.0013	0.0009	5.3068	3.4088
0.0000	83.5000	1.5574	0.0318	0.0204	0.0210	0.0135	5.3022	3.4046
0.0000	84.0000	1.5570	0.0352	0.0226	0.0066	0.0043	5.1829	3.3288
0.0000	84.5000	1.5573	0.0362	0.0232	0.0010	0.0007	5.1248	3.2907
0.0000	85.0000	1.5578	0.0359	0.0231	0.0042	0.0027	5.0305	3.2292
0.0000	85.5000	1.5572	0.0255	0.0164	0.0008	0.0005	5.0641	3.2521
0.0000	86.0000	1.5569	0.0314	0.0202	0.0133	0.0085	4.9577	3.1843
0.0000	86.5000	1.5572	0.0332	0.0213	0.0003	0.0002	4.9750	3.1949
0.0000	87.0000	1.5576	0.0167	0.0107	0.0002	0.0001	4.8726	3.1284
0.0000	87.5000	1.5565	0.0366	0.0235	0.0005	0.0003	4.7541	3.0544
0.0000	88.0000	1.5568	0.0188	0.0121	0.0008	0.0005	4.7514	3.0521
0.0000	88.5000	1.5570	0.0313	0.0201	0.0006	0.0004	4.7145	3.0278
0.0000	89.0000	1.5574	0.0322	0.0207	0.0081	0.0052	4.7188	3.0300
0.0000	89.5000	1.5576	0.0273	0.0175	0.0021	0.0013	4.6648	2.9949
0.0000	90.0000	1.5574	0.0185	0.0119	0.0009	0.0006	4.5219	2.9035
0.0000	90.5000	1.5568	0.0239	0.0154	0.0007	0.0005	4.6101	2.9613
0.0000	91.0000	1.5568	0.0234	0.0150	0.0065	0.0042	4.5426	2.9179
0.0000	91.5000	1.5571	0.0209	0.0134	0.0153	0.0098	4.4571	2.8625
0.0000	92.0000	1.5573	0.0204	0.0131	0.0010	0.0007	4.4388	2.8504
0.0000	92.5000	1.5568	0.0241	0.0155	0.0010	0.0006	4.4122	2.8342
0.0000	93.0000	1.5569	0.0280	0.0180	0.0009	0.0006	4.2756	2.7462
0.0000	93.5000	1.5574	0.0283	0.0182	0.0009	0.0006	4.2689	2.7410
0.0000	94.0000	1.5576	0.0217	0.0139	0.0015	0.0010	4.2667	2.7393
0.0000	94.5000	1.5578	0.0194	0.0125	0.0239	0.0154	4.1750	2.6801
0.0000	95.0000	1.5575	0.0368	0.0236	0.0127	0.0081	4.1880	2.6890
0.0000	95.5000	1.5570	0.0197	0.0127	0.0004	0.0003	4.1323	2.6541
0.0000	96.0000	1.5570	0.0521	0.0334	0.0009	0.0006	4.0182	2.5807
0.0000	96.5000	1.5570	0.0234	0.0150	0.0122	0.0078	3.9905	2.5629
0.0000	97.0000	1.5572	0.0185	0.0119	0.0011	0.0007	3.9703	2.5496
0.0000	97.5000	1.5574	0.0226	0.0145	0.0116	0.0074	3.9683	2.5480
0.0000	98.0000	1.5566	0.0176	0.0113	0.0235	0.0151	3.8795	2.4923
0.0000	98.5000	1.5569	0.0246	0.0158	0.0066	0.0042	3.7905	2.4346
0.0000	99.0000	1.5573	0.0204	0.0131	0.0063	0.0040	3.8028	2.4419
0.0000	99.5000	1.5575	0.0174	0.0112	0.0008	0.0005	3.7611	2.4148
0.0000	100.0000	1.5570	0.0209	0.0134	0.0449	0.0288	3.7199	2.3892
