Xcoord	Ycoord	Beam	chan0	chan0 norm	chan2	chan2 norm	chan3	chan3 norm	
-75.0000	0.0000	1.5565	0.0499	0.0320	0.0013	0.0008	6.5341	4.1979
-74.5000	0.0000	1.5560	0.0369	0.0237	0.0020	0.0013	6.7040	4.3084
-74.0000	0.0000	1.5560	0.0480	0.0309	0.0007	0.0005	6.6034	4.2437
-73.5000	0.0000	1.5564	0.0318	0.0204	0.0016	0.0011	6.7387	4.3297
-73.0000	0.0000	1.5563	0.0518	0.0333	0.0017	0.0011	6.8004	4.3697
-72.5000	0.0000	1.5565	0.0366	0.0235	0.0005	0.0003	6.8107	4.3756
-72.0000	0.0000	1.5566	0.0378	0.0243	0.0004	0.0003	6.9518	4.4659
-71.5000	0.0000	1.5563	0.0418	0.0268	0.0171	0.0110	7.0099	4.5043
-71.0000	0.0000	1.5557	0.0367	0.0236	0.0014	0.0009	6.9840	4.4893
-70.5000	0.0000	1.5559	0.0557	0.0358	0.0008	0.0005	7.1114	4.5707
-70.0000	0.0000	1.5564	0.0488	0.0314	0.0000	0.0000	7.1691	4.6062
-69.5000	0.0000	1.5562	0.0391	0.0251	0.0004	0.0002	7.2289	4.6452
-69.0000	0.0000	1.5556	0.0475	0.0305	0.0002	0.0001	7.2710	4.6740
-68.5000	0.0000	1.5560	0.0352	0.0226	0.0014	0.0009	7.3099	4.6980
-68.0000	0.0000	1.5556	0.0417	0.0268	0.0007	0.0004	7.4041	4.7595
-67.5000	0.0000	1.5560	0.0714	0.0459	0.0006	0.0004	7.5784	4.8703
-67.0000	0.0000	1.5560	0.0339	0.0218	0.0088	0.0057	7.4872	4.8117
-66.5000	0.0000	1.5561	0.0402	0.0258	0.0004	0.0002	7.4731	4.8026
-66.0000	0.0000	1.5559	0.0489	0.0314	0.0005	0.0003	7.6318	4.9051
-65.5000	0.0000	1.5558	0.0490	0.0315	0.0004	0.0002	7.5936	4.8809
-65.0000	0.0000	1.5565	0.0483	0.0310	0.0004	0.0003	7.7902	5.0049
-64.5000	0.0000	1.5555	0.0678	0.0436	0.0003	0.0002	7.8643	5.0559
-64.0000	0.0000	1.5562	0.0545	0.0350	0.0004	0.0003	7.9596	5.1147
-63.5000	0.0000	1.5565	0.0494	0.0317	0.0006	0.0004	7.9788	5.1263
-63.0000	0.0000	1.5564	0.0513	0.0329	0.0001	0.0001	7.9882	5.1326
-62.5000	0.0000	1.5560	0.0569	0.0366	0.0004	0.0003	8.2213	5.2837
-62.0000	0.0000	1.5569	0.0404	0.0260	0.0004	0.0003	8.0960	5.2002
-61.5000	0.0000	1.5587	0.0537	0.0345	0.0011	0.0007	8.2645	5.3022
-61.0000	0.0000	1.5543	0.0537	0.0345	0.0016	0.0010	8.3028	5.3418
-60.4900	0.0000	1.5555	0.0593	0.0381	0.0010	0.0006	8.3704	5.3813
-60.0000	0.0000	1.5557	0.0497	0.0320	0.0006	0.0004	8.3144	5.3444
-59.5000	0.0000	1.5563	0.0345	0.0222	0.0015	0.0010	8.4408	5.4235
-59.0000	0.0000	1.5564	0.0392	0.0252	0.0003	0.0002	8.6058	5.5292
-58.5000	0.0000	1.5561	0.0551	0.0354	0.0000	0.0000	8.6431	5.5541
-58.0000	0.0000	1.5553	0.0482	0.0310	0.0007	0.0004	8.7114	5.6010
-57.5000	0.0000	1.5555	0.0524	0.0337	0.0014	0.0009	8.7187	5.6049
-57.0000	0.0000	1.5563	0.0543	0.0349	0.0009	0.0006	8.9029	5.7206
-56.5000	0.0000	1.5556	0.0641	0.0412	0.0030	0.0019	8.9765	5.7704
-56.0000	0.0000	1.5562	0.0531	0.0341	0.0013	0.0008	8.9608	5.7582
-55.5000	0.0000	1.5564	0.0550	0.0353	0.0003	0.0002	9.0774	5.8322
-55.0000	0.0000	1.5556	0.0731	0.0470	0.0088	0.0057	9.1739	5.8975
-54.5000	0.0000	1.5557	0.0557	0.0358	0.0003	0.0002	9.0917	5.8442
-54.0000	0.0000	1.5559	0.0486	0.0312	0.0291	0.0187	9.3079	5.9825
-53.5000	0.0000	1.5557	0.0552	0.0355	0.0015	0.0010	9.3999	6.0424
-53.0000	0.0000	1.5560	0.0555	0.0356	0.0022	0.0014	9.4021	6.0426
-52.5000	0.0000	1.5561	0.0485	0.0312	0.0003	0.0002	9.4404	6.0667
-52.0000	0.0000	1.5564	0.0631	0.0405	0.0003	0.0002	9.6634	6.2088
-51.5000	0.0000	1.5558	0.0688	0.0442	0.0007	0.0005	9.6993	6.2342
-51.0000	0.0000	1.5563	0.0667	0.0429	0.0004	0.0002	9.7562	6.2690
-50.5000	0.0000	1.5562	0.0588	0.0378	0.0003	0.0002	9.8138	6.3064
-50.0000	0.0000	1.5562	0.0685	0.0440	0.0003	0.0002	9.8559	6.3333
-49.5000	0.0000	1.5559	0.0651	0.0418	0.0009	0.0006	10.0095	6.4331
-49.0000	0.0000	1.5555	0.0664	0.0427	0.0171	0.0110	10.0176	6.4401
-48.5000	0.0000	1.5559	0.0591	0.0380	0.0010	0.0007	10.1786	6.5419
-48.0000	0.0000	1.5558	0.0570	0.0366	0.0247	0.0159	10.1884	6.5488
-47.5000	0.0000	1.5558	0.0502	0.0323	0.0067	0.0043	10.3093	6.6264
-47.0000	0.0000	1.5566	0.0621	0.0399	0.0011	0.0007	10.4348	6.7034
-46.5000	0.0000	1.5554	0.0506	0.0326	0.0174	0.0112	10.3711	6.6679
-46.0000	0.0000	1.5559	0.0797	0.0512	0.0016	0.0010	10.4261	6.7011
-45.5000	0.0000	1.5559	0.0714	0.0459	0.0018	0.0012	10.7264	6.8940
-45.0000	0.0000	1.5562	0.0747	0.0480	0.0016	0.0010	10.6623	6.8514
-44.5000	0.0000	1.5557	0.0726	0.0467	0.0020	0.0013	10.8959	7.0036
-44.0000	0.0000	1.5558	0.0693	0.0445	0.0003	0.0002	10.8907	7.0001
-43.5000	0.0000	1.5555	0.0800	0.0514	0.0005	0.0003	11.0386	7.0964
-43.0000	0.0000	1.5561	0.1146	0.0736	0.0005	0.0003	11.2619	7.2370
-42.5000	0.0000	1.5559	0.1218	0.0783	0.0007	0.0004	11.2634	7.2390
-42.0000	0.0000	1.5557	0.1508	0.0969	0.0005	0.0003	11.3151	7.2733
-41.5000	0.0000	1.5557	0.1803	0.1159	0.0014	0.0009	11.5860	7.4473
-41.0000	0.0000	1.5555	0.2354	0.1513	0.0005	0.0003	11.6819	7.5102
-40.5000	0.0000	1.5562	0.2769	0.1779	0.0000	0.0000	11.8991	7.6461
-40.0000	0.0000	1.5555	0.3389	0.2179	0.0013	0.0008	11.9926	7.7096
-39.5000	0.0000	1.5560	0.4288	0.2756	0.0011	0.0007	12.3139	7.9138
-39.0000	0.0000	1.5563	0.5101	0.3278	0.0004	0.0003	12.5762	8.0806
-38.5000	0.0000	1.5561	0.5392	0.3465	0.0011	0.0007	12.7461	8.1911
-38.0000	0.0000	1.5559	0.6041	0.3883	0.0004	0.0003	12.7763	8.2116
-37.5000	0.0000	1.5565	0.6082	0.3907	0.0009	0.0006	13.0513	8.3849
-37.0000	0.0000	1.5559	0.5665	0.3641	0.0000	0.0000	12.9223	8.3051
-36.5000	0.0000	1.5556	0.4628	0.2975	0.0005	0.0003	12.8434	8.2562
-36.0000	0.0000	1.5562	0.4000	0.2571	0.0100	0.0064	12.7765	8.2101
-35.5000	0.0000	1.5556	0.3232	0.2078	0.0004	0.0003	12.7473	8.1945
-35.0000	0.0000	1.5561	0.2198	0.1412	0.0003	0.0002	12.7456	8.1910
-34.5000	0.0000	1.5563	0.1869	0.1201	0.0012	0.0008	12.7083	8.1655
-34.0000	0.0000	1.5562	0.1395	0.0896	0.0007	0.0004	12.7002	8.1609
-33.5000	0.0000	1.5553	0.1295	0.0833	0.1296	0.0833	12.9202	8.3071
-33.0000	0.0000	1.5558	0.1086	0.0698	0.0000	0.0000	12.7767	8.2123
-32.5000	0.0000	1.5561	0.1006	0.0646	0.0004	0.0002	12.8358	8.2485
-32.0000	0.0000	1.5559	0.1119	0.0719	0.0008	0.0005	12.9592	8.3289
-31.5000	0.0000	1.5564	0.1381	0.0887	0.0250	0.0161	13.0764	8.4019
-31.0000	0.0000	1.5561	0.1952	0.1254	0.0119	0.0076	13.3447	8.5755
-30.5000	0.0000	1.5560	0.2362	0.1518	0.0090	0.0058	13.5484	8.7073
-30.0000	0.0000	1.5559	0.3077	0.1978	0.0010	0.0006	13.7082	8.8104
-29.5000	0.0000	1.5556	0.3829	0.2461	0.0134	0.0086	14.1344	9.0861
-29.0000	0.0000	1.5562	0.5923	0.3806	0.0012	0.0008	14.4478	9.2839
-28.5000	0.0000	1.5563	0.7195	0.4623	0.0098	0.0063	14.7991	9.5089
-28.0000	0.0000	1.5561	0.9165	0.5889	0.0019	0.0012	15.2421	9.7949
-27.5000	0.0000	1.5553	1.1149	0.7168	0.0008	0.0005	15.7297	10.1137
-27.0000	0.0000	1.5555	1.4407	0.9262	0.0010	0.0007	16.3949	10.5402
-26.5000	0.0000	1.5562	1.6362	1.0514	0.0121	0.0077	16.8384	10.8200
-26.0000	0.0000	1.5560	1.8201	1.1697	0.0007	0.0005	17.0453	10.9543
-25.5000	0.0000	1.5558	2.0237	1.3008	0.0004	0.0003	17.5051	11.2516
-25.0000	0.0000	1.5564	2.0732	1.3320	0.0004	0.0003	17.5816	11.2961
-24.5000	0.0000	1.5560	2.0290	1.3040	0.0071	0.0045	17.8220	11.4536
-24.0000	0.0000	1.5558	1.8681	1.2007	0.0003	0.0002	17.6597	11.3511
-23.5000	0.0000	1.5564	1.6539	1.0627	0.0013	0.0008	17.3272	11.1331
-23.0000	0.0000	1.5561	1.4739	0.9472	0.0145	0.0093	17.0068	10.9291
-22.5000	0.0000	1.5556	1.2291	0.7901	0.0004	0.0003	16.5963	10.6690
-22.0000	0.0000	1.5561	0.9504	0.6108	0.0000	0.0000	16.3011	10.4753
-21.5000	0.0000	1.5563	0.7745	0.4977	0.0000	0.0000	15.8703	10.1976
-21.0000	0.0000	1.5585	0.6082	0.3903	0.0000	0.0000	15.7983	10.1366
-20.5000	0.0000	1.5540	0.4349	0.2799	0.0006	0.0004	15.4341	9.9317
-20.0000	0.0000	1.5557	0.4187	0.2691	0.0007	0.0005	15.6756	10.0759
-19.5000	0.0000	1.5565	0.3475	0.2233	0.0016	0.0010	15.5736	10.0056
-19.0000	0.0000	1.5559	0.3687	0.2369	0.0025	0.0016	15.4853	9.9526
-18.5000	0.0000	1.5566	0.4268	0.2742	0.0004	0.0003	15.9176	10.2261
-18.0000	0.0000	1.5563	0.5444	0.3498	0.0025	0.0016	16.0508	10.3133
-17.5000	0.0000	1.5556	0.7785	0.5004	0.0005	0.0003	16.5081	10.6119
-17.0000	0.0000	1.5558	0.9723	0.6250	0.0009	0.0006	16.9628	10.9033
-16.5000	0.0000	1.5566	1.3017	0.8363	0.0008	0.0005	17.6841	11.3609
-16.0000	0.0000	1.5556	1.6178	1.0400	0.0008	0.0005	18.3179	11.7752
-15.5000	0.0000	1.5551	1.9859	1.2770	0.0008	0.0005	18.9614	12.1930
-15.0000	0.0000	1.5556	2.4954	1.6041	0.0018	0.0012	20.1090	12.9265
-14.5000	0.0000	1.5560	2.8149	1.8091	0.0019	0.0012	20.4778	13.1603
-14.0000	0.0000	1.5559	3.2444	2.0852	0.0008	0.0005	21.3537	13.7242
-13.5000	0.0000	1.5560	3.4232	2.1999	0.0014	0.0009	21.7530	13.9797
-13.0000	0.0000	1.5559	3.5579	2.2867	0.0003	0.0002	21.8913	14.0696
-12.5000	0.0000	1.5560	3.5653	2.2913	0.0015	0.0009	21.8697	14.0549
-12.0000	0.0000	1.5561	3.3897	2.1784	0.0003	0.0002	21.9501	14.1062
-11.5000	0.0000	1.5559	3.1544	2.0273	0.0013	0.0009	21.3165	13.7002
-11.0000	0.0000	1.5559	2.8402	1.8254	0.0013	0.0009	20.8387	13.3931
-10.5000	0.0000	1.5560	2.4813	1.5947	0.0005	0.0003	20.2527	13.0161
-10.0000	0.0000	1.5560	2.0708	1.3309	0.0307	0.0197	19.5480	12.5631
-9.5000	0.0000	1.5558	1.6605	1.0673	0.0010	0.0007	18.9240	12.1634
-9.0000	0.0000	1.5560	1.3278	0.8533	0.0010	0.0006	18.0949	11.6292
-8.5000	0.0000	1.5562	1.0469	0.6727	0.0011	0.0007	17.7356	11.3969
-8.0000	0.0000	1.5561	0.8190	0.5263	0.0015	0.0009	17.2596	11.0917
-7.5000	0.0000	1.5556	0.6666	0.4285	0.0004	0.0002	17.0484	10.9591
-7.0000	0.0000	1.5553	0.5640	0.3626	0.0006	0.0004	16.8526	10.8358
-6.5000	0.0000	1.5563	0.5540	0.3559	0.0005	0.0003	16.8927	10.8541
-6.0000	0.0000	1.5563	0.6135	0.3942	0.0026	0.0016	17.2194	11.0641
-5.5000	0.0000	1.5566	0.7443	0.4782	0.0002	0.0001	17.2301	11.0693
-5.0000	0.0000	1.5557	0.9226	0.5931	0.0006	0.0004	17.5539	11.2835
-4.5000	0.0000	1.5555	1.2143	0.7807	0.0140	0.0090	18.1646	11.6777
-4.0000	0.0000	1.5559	1.6113	1.0356	0.0009	0.0005	19.0785	12.2622
-3.5000	0.0000	1.5561	2.0848	1.3398	0.0156	0.0100	19.8901	12.7823
-3.0000	0.0000	1.5561	2.5710	1.6522	0.0013	0.0009	20.4551	13.1455
-2.5000	0.0000	1.5559	3.0088	1.9338	0.0009	0.0006	21.2796	13.6771
-2.0000	0.0000	1.5563	3.4516	2.2179	0.0011	0.0007	22.1298	14.2198
-1.5000	0.0000	1.5561	3.7834	2.4313	0.0017	0.0011	22.7049	14.5908
-1.0000	0.0000	1.5559	4.0255	2.5872	0.0012	0.0008	23.0506	14.8146
-0.5000	0.0000	1.5564	3.9777	2.5558	0.0004	0.0003	22.8134	14.6582
0.0000	0.0000	1.5566	3.9111	2.5127	0.0020	0.0013	22.8363	14.6711
0.5000	0.0000	1.5553	3.6359	2.3377	0.0010	0.0006	22.4011	14.4027
1.0000	0.0000	1.5555	3.3467	2.1515	0.0160	0.0103	21.9878	14.1354
1.5000	0.0000	1.5560	2.8656	1.8416	0.0000	0.0000	20.9809	13.4835
2.0000	0.0000	1.5555	2.4854	1.5978	0.0008	0.0005	20.2473	13.0164
2.5000	0.0000	1.5559	2.0999	1.3496	0.0000	0.0000	19.5647	12.5745
3.0000	0.0000	1.5557	1.6855	1.0835	0.0079	0.0051	18.8327	12.1058
3.5000	0.0000	1.5557	1.4071	0.9045	0.0085	0.0055	18.0955	11.6321
4.0000	0.0000	1.5563	1.0752	0.6909	0.0006	0.0004	17.5769	11.2938
4.5000	0.0000	1.5567	0.8356	0.5367	0.0143	0.0092	16.9712	10.9017
5.0000	0.0000	1.5549	0.6881	0.4425	0.0053	0.0034	16.5470	10.6416
5.5000	0.0000	1.5556	0.5585	0.3590	0.0018	0.0012	16.0860	10.3408
6.0000	0.0000	1.5567	0.5308	0.3410	0.0011	0.0007	16.2131	10.4149
6.5000	0.0000	1.5560	0.4985	0.3203	0.0005	0.0003	16.1498	10.3791
7.0000	0.0000	1.5557	0.6039	0.3882	0.0117	0.0075	16.2480	10.4442
7.5000	0.0000	1.5565	0.7324	0.4706	0.0125	0.0080	16.4385	10.5613
8.0000	0.0000	1.5561	0.8864	0.5696	0.0008	0.0005	16.6388	10.6923
8.5000	0.0000	1.5557	1.1670	0.7501	0.0008	0.0005	17.2563	11.0924
9.0000	0.0000	1.5561	1.4595	0.9380	0.0012	0.0007	17.5308	11.2661
9.5000	0.0000	1.5566	1.7632	1.1327	0.0014	0.0009	18.0935	11.6238
10.0000	0.0000	1.5560	2.0689	1.3296	0.0025	0.0016	18.4427	11.8526
10.5000	0.0000	1.5559	2.3277	1.4960	0.0215	0.0138	18.8258	12.0996
11.0000	0.0000	1.5557	2.5517	1.6403	0.0008	0.0005	19.1203	12.2907
11.5000	0.0000	1.5565	2.6636	1.7113	0.0151	0.0097	19.3829	12.4531
12.0000	0.0000	1.5562	2.7156	1.7450	0.0060	0.0039	19.3143	12.4109
12.5000	0.0000	1.5547	2.5649	1.6498	0.0004	0.0003	19.0491	12.2523
13.0000	0.0000	1.5556	2.4691	1.5873	0.0004	0.0003	18.8406	12.1117
13.5000	0.0000	1.5563	2.1939	1.4097	0.0151	0.0097	18.1999	11.6944
14.0000	0.0000	1.5563	1.9145	1.2302	0.0003	0.0002	17.5775	11.2947
14.5000	0.0000	1.5562	1.7152	1.1021	0.0004	0.0003	17.2992	11.1162
15.0000	0.0000	1.5560	1.4472	0.9301	0.0009	0.0006	16.9257	10.8780
15.5000	0.0000	1.5556	1.0892	0.7002	0.0200	0.0129	16.0137	10.2943
16.0000	0.0000	1.5558	0.9041	0.5811	0.0013	0.0008	15.5362	9.9859
16.5000	0.0000	1.5555	0.7153	0.4599	0.0000	0.0000	15.1408	9.7339
17.0000	0.0000	1.5561	0.5818	0.3739	0.0004	0.0003	14.7584	9.4843
17.5000	0.0000	1.5566	0.4654	0.2990	0.0186	0.0119	14.5162	9.3253
18.0000	0.0000	1.5561	0.4054	0.2605	0.0079	0.0051	14.3746	9.2375
18.5000	0.0000	1.5560	0.3856	0.2478	0.0418	0.0268	14.2081	9.1311
19.0000	0.0000	1.5557	0.4078	0.2622	0.0012	0.0008	14.1449	9.0922
19.5000	0.0000	1.5575	0.4609	0.2960	0.0000	0.0000	14.2097	9.1235
20.0000	0.0000	1.5543	0.5255	0.3381	0.0013	0.0008	14.1267	9.0890
20.5000	0.0000	1.5554	0.6293	0.4046	0.0009	0.0006	14.2760	9.1783
21.0000	0.0000	1.5557	0.7694	0.4946	0.0003	0.0002	14.2928	9.1875
21.5000	0.0000	1.5555	0.8799	0.5657	0.0053	0.0034	14.6689	9.4300
22.0000	0.0000	1.5560	1.0364	0.6660	0.0010	0.0006	14.7830	9.5005
22.5000	0.0000	1.5566	1.2429	0.7985	0.0018	0.0011	15.0504	9.6687
23.0000	0.0000	1.5560	1.2900	0.8291	0.0189	0.0122	15.0093	9.6464
23.5000	0.0000	1.5558	1.4153	0.9096	0.0084	0.0054	15.1083	9.7107
24.0000	0.0000	1.5562	1.4221	0.9138	0.0010	0.0006	15.1983	9.7662
24.5000	0.0000	1.5556	1.3934	0.8957	0.0007	0.0004	14.9223	9.5924
25.0000	0.0000	1.5559	1.3191	0.8478	0.0338	0.0218	14.8078	9.5172
25.5000	0.0000	1.5565	1.2094	0.7770	0.0176	0.0113	14.3797	9.2385
26.0000	0.0000	1.5554	1.0884	0.6998	0.0004	0.0003	14.3018	9.1950
26.5000	0.0000	1.5556	0.9501	0.6107	0.0000	0.0000	13.9239	8.9507
27.0000	0.0000	1.5558	0.7917	0.5089	0.0007	0.0004	13.4357	8.6361
27.5000	0.0000	1.5567	0.6492	0.4171	0.0004	0.0002	13.0976	8.4138
28.0000	0.0000	1.5563	0.5213	0.3350	0.0023	0.0015	12.7656	8.2024
28.5000	0.0000	1.5557	0.4435	0.2851	0.0013	0.0008	12.5385	8.0595
29.0000	0.0000	1.5559	0.3548	0.2280	0.0199	0.0128	12.2870	7.8970
29.5000	0.0000	1.5567	0.2629	0.1689	0.0116	0.0075	12.0075	7.7132
30.0000	0.0000	1.5552	0.1968	0.1265	0.0018	0.0012	11.8353	7.6103
30.5000	0.0000	1.5554	0.1692	0.1088	0.0003	0.0002	11.6107	7.4647
31.0000	0.0000	1.5565	0.1493	0.0959	0.0148	0.0095	11.5987	7.4520
31.5000	0.0000	1.5568	0.1300	0.0835	0.0016	0.0010	11.3343	7.2807
32.0000	0.0000	1.5559	0.1244	0.0799	0.0182	0.0117	11.2186	7.2103
32.5000	0.0000	1.5559	0.1585	0.1019	0.0000	0.0000	11.3308	7.2826
33.0000	0.0000	1.5562	0.1874	0.1204	0.0014	0.0009	11.3275	7.2788
33.5000	0.0000	1.5556	0.2637	0.1695	0.0003	0.0002	11.2016	7.2009
34.0000	0.0000	1.5555	0.3207	0.2062	0.0000	0.0000	11.4304	7.3486
34.5000	0.0000	1.5563	0.3929	0.2525	0.0019	0.0012	11.3804	7.3127
35.0000	0.0000	1.5559	0.4202	0.2701	0.0039	0.0025	11.3749	7.3107
35.5000	0.0000	1.5564	0.4610	0.2962	0.0004	0.0003	11.4164	7.3349
36.0000	0.0000	1.5558	0.4996	0.3211	0.0007	0.0005	11.2054	7.2024
36.5000	0.0000	1.5562	0.4764	0.3061	0.0002	0.0001	11.2525	7.2310
37.0000	0.0000	1.5559	0.4456	0.2864	0.0008	0.0005	11.0846	7.1243
37.5000	0.0000	1.5558	0.3825	0.2458	0.0004	0.0003	10.6726	6.8599
38.0000	0.0000	1.5557	0.3256	0.2093	0.0008	0.0005	10.6949	6.8749
38.5000	0.0000	1.5558	0.2890	0.1857	0.0018	0.0011	10.5900	6.8069
39.0000	0.0000	1.3532	0.1989	0.1470	0.0011	0.0008	8.9129	6.5866
39.5000	0.0000	1.5157	0.2027	0.1337	0.0003	0.0002	9.9595	6.5707
40.0000	0.0000	1.5552	0.1568	0.1008	0.0003	0.0002	9.9736	6.4131
40.5000	0.0000	1.5559	0.1537	0.0988	0.0016	0.0011	9.8701	6.3436
41.0000	0.0000	1.5561	0.1178	0.0757	0.0102	0.0066	9.8742	6.3455
41.5000	0.0000	1.5587	0.1058	0.0678	0.0008	0.0005	9.6623	6.1988
42.0000	0.0000	1.5561	0.0888	0.0571	0.0008	0.0005	9.5367	6.1287
42.5000	0.0000	1.5556	0.0786	0.0505	0.0026	0.0017	9.4657	6.0850
43.0000	0.0000	1.5562	0.0655	0.0421	0.0001	0.0001	9.3845	6.0303
43.5000	0.0000	1.5562	0.0707	0.0454	0.0014	0.0009	9.2970	5.9740
44.0000	0.0000	1.5560	0.0628	0.0404	0.0000	0.0000	9.2196	5.9252
44.5000	0.0000	1.5554	0.0649	0.0417	0.0008	0.0005	9.0830	5.8396
45.0000	0.0000	1.5556	0.0620	0.0398	0.0000	0.0000	9.0742	5.8330
45.5000	0.0000	1.5567	0.0712	0.0457	0.0001	0.0000	9.0910	5.8399
46.0000	0.0000	1.5563	0.0582	0.0374	0.0012	0.0007	8.9113	5.7260
46.5000	0.0000	1.5558	0.0512	0.0329	0.0007	0.0005	8.8812	5.7085
47.0000	0.0000	1.5551	0.0504	0.0324	0.0128	0.0083	8.8105	5.6656
47.5000	0.0000	1.5562	0.0477	0.0306	0.0007	0.0005	8.7498	5.6225
48.0000	0.0000	1.5560	0.0531	0.0342	0.0012	0.0008	8.5623	5.5028
48.5000	0.0000	1.5565	0.0623	0.0400	0.0279	0.0179	8.5869	5.5167
49.0000	0.0000	1.5555	0.0304	0.0196	0.0007	0.0004	8.4732	5.4472
49.5000	0.0000	1.5550	0.0474	0.0305	0.0003	0.0002	8.3372	5.3615
50.0000	0.0000	1.5562	0.0654	0.0420	0.0008	0.0005	8.4534	5.4321
50.5000	0.0000	1.5556	0.0648	0.0416	0.0003	0.0002	8.4027	5.4017
51.0000	0.0000	1.5556	0.0588	0.0378	0.0016	0.0011	8.2108	5.2784
51.5000	0.0000	1.5566	0.0496	0.0319	0.0004	0.0002	8.1382	5.2283
52.0000	0.0000	1.5572	0.0602	0.0387	0.0008	0.0005	8.1555	5.2373
52.5000	0.0000	1.5574	0.0500	0.0321	0.0004	0.0002	8.0655	5.1789
53.0000	0.0000	1.5565	0.0539	0.0347	0.0015	0.0010	8.0464	5.1697
53.5000	0.0000	1.5557	0.0484	0.0311	0.0015	0.0010	7.9168	5.0888
54.0000	0.0000	1.5592	0.0436	0.0279	0.0009	0.0006	7.6951	4.9353
54.5000	0.0000	1.5554	0.0530	0.0341	0.0018	0.0011	7.7672	4.9936
55.0000	0.0000	1.5518	0.0492	0.0317	0.0004	0.0002	7.5901	4.8911
55.5000	0.0000	1.5548	0.0494	0.0318	0.0312	0.0200	7.5547	4.8591
56.0000	0.0000	1.5556	0.0492	0.0316	0.0008	0.0005	7.5613	4.8608
56.5000	0.0000	1.5563	0.0578	0.0371	0.0003	0.0002	7.5863	4.8746
57.0000	0.0000	1.5555	0.0437	0.0281	0.0003	0.0002	7.3950	4.7542
57.5000	0.0000	1.5559	0.0564	0.0362	0.0000	0.0000	7.3633	4.7324
58.0000	0.0000	1.5546	0.0638	0.0410	0.0010	0.0006	7.4672	4.8034
58.5000	0.0000	1.5555	0.0445	0.0286	0.0004	0.0003	7.2110	4.6358
59.0000	0.0000	1.5565	0.0469	0.0301	0.0004	0.0003	7.2090	4.6316
59.5000	0.0000	1.5574	0.0421	0.0270	0.0003	0.0002	7.2411	4.6495
60.0000	0.0000	1.5569	0.0308	0.0198	0.0087	0.0056	7.0450	4.5252
60.5000	0.0000	1.5553	0.0670	0.0431	0.0005	0.0003	6.9587	4.4743
61.0000	0.0000	1.5565	0.0502	0.0322	0.0019	0.0012	6.9998	4.4971
61.5000	0.0000	1.5561	0.0632	0.0406	0.0013	0.0008	6.9850	4.4888
62.0000	0.0000	1.5553	0.0420	0.0270	0.0012	0.0008	6.7638	4.3488
62.5000	0.0000	1.5562	0.0597	0.0383	0.0220	0.0141	6.8611	4.4090
63.0000	0.0000	1.5555	0.0517	0.0332	0.0006	0.0004	6.8368	4.3952
63.5000	0.0000	1.5548	0.0342	0.0220	0.0007	0.0005	6.7251	4.3253
64.0000	0.0000	1.5564	0.0497	0.0319	0.0017	0.0011	6.6555	4.2763
64.5000	0.0000	1.5554	0.0566	0.0364	0.0015	0.0010	6.6094	4.2494
65.0000	0.0000	1.5546	0.0394	0.0254	0.0012	0.0007	6.5065	4.1853
65.5000	0.0000	1.5559	0.0304	0.0195	0.0021	0.0013	6.4920	4.1725
66.0000	0.0000	1.5561	0.0298	0.0192	0.0011	0.0007	6.4950	4.1738
66.5000	0.0000	1.5543	0.0580	0.0373	0.0009	0.0006	6.3431	4.0809
67.0000	0.0000	1.5554	0.0710	0.0457	0.0011	0.0007	6.3368	4.0740
67.5000	0.0000	1.5548	0.0451	0.0290	0.0001	0.0001	6.2755	4.0363
68.0000	0.0000	1.5549	0.0283	0.0182	0.0003	0.0002	6.0979	3.9218
68.5000	0.0000	1.5552	0.0574	0.0369	0.0004	0.0003	6.2160	3.9968
69.0000	0.0000	1.5556	0.0608	0.0391	0.0023	0.0015	6.0833	3.9106
69.5000	0.0000	1.5556	0.0329	0.0212	0.0009	0.0006	6.1088	3.9270
70.0000	0.0000	1.5558	0.0404	0.0260	0.0016	0.0010	6.0407	3.8826
70.5000	0.0000	1.5555	0.0483	0.0311	0.0000	0.0000	5.9064	3.7972
71.0000	0.0000	1.5551	0.0454	0.0292	0.0099	0.0064	5.8815	3.7821
71.5000	0.0000	1.5570	0.0452	0.0290	0.0008	0.0005	5.8847	3.7794
72.0000	0.0000	1.5575	0.0355	0.0228	0.0009	0.0006	5.8933	3.7839
72.5000	0.0000	1.5559	0.0428	0.0275	0.0005	0.0003	5.8900	3.7855
73.0000	0.0000	1.5557	0.0438	0.0282	0.0016	0.0011	5.7045	3.6668
73.5000	0.0000	1.5556	0.0289	0.0186	0.0080	0.0051	5.7317	3.6846
74.0000	0.0000	1.5559	0.0310	0.0199	0.0129	0.0083	5.5701	3.5799
74.5000	0.0000	1.5545	0.0283	0.0182	0.0005	0.0003	5.5785	3.5887
75.0000	0.0000	1.5549	0.0295	0.0190	0.0117	0.0075	5.5646	3.5787
0.0000	-75.0000	1.5557	0.0321	0.0207	0.0011	0.0007	6.5905	4.2364
0.0000	-74.5000	1.5560	0.0407	0.0262	0.0017	0.0011	6.5907	4.2356
0.0000	-74.0000	1.5569	0.0420	0.0270	0.0000	0.0000	6.5942	4.2354
0.0000	-73.5000	1.5553	0.0341	0.0219	0.0163	0.0105	6.6668	4.2865
0.0000	-73.0000	1.5555	0.0266	0.0171	0.0004	0.0003	6.7905	4.3655
0.0000	-72.5000	1.5551	0.0370	0.0238	0.0000	0.0000	6.6917	4.3032
0.0000	-72.0000	1.5555	0.0301	0.0194	0.0008	0.0005	6.8628	4.4120
0.0000	-71.5000	1.5559	0.0337	0.0217	0.0003	0.0002	6.9938	4.4950
0.0000	-71.0000	1.5559	0.0350	0.0225	0.0006	0.0004	7.0211	4.5125
0.0000	-70.5000	1.5539	0.0308	0.0198	0.0005	0.0003	6.9553	4.4760
0.0000	-70.0000	1.5502	0.0625	0.0403	0.0012	0.0008	7.0679	4.5595
0.0000	-69.5000	1.5578	0.0435	0.0279	0.0087	0.0056	7.1230	4.5723
0.0000	-69.0000	1.5562	0.0503	0.0323	0.0008	0.0005	7.0493	4.5297
0.0000	-68.5000	1.5552	0.0714	0.0459	0.0008	0.0005	7.2009	4.6302
0.0000	-68.0000	1.5552	0.0523	0.0336	0.0010	0.0006	7.2083	4.6351
0.0000	-67.5000	1.5550	0.0654	0.0420	0.0005	0.0003	7.3307	4.7142
0.0000	-67.0000	1.5570	0.0797	0.0512	0.0003	0.0002	7.4235	4.7679
0.0000	-66.5000	1.5510	0.0518	0.0334	0.0012	0.0008	7.3819	4.7595
0.0000	-66.0000	1.5607	0.0832	0.0533	0.0005	0.0003	7.4077	4.7464
0.0000	-65.5000	1.5536	0.0553	0.0356	0.0022	0.0014	7.5002	4.8278
0.0000	-65.0000	1.5557	0.0673	0.0433	0.0005	0.0003	7.6394	4.9107
0.0000	-64.5000	1.5558	0.0731	0.0470	0.0003	0.0002	7.6913	4.9435
0.0000	-64.0000	1.5584	0.0635	0.0407	0.0117	0.0075	7.7700	4.9859
0.0000	-63.5000	1.5555	0.0600	0.0386	0.0000	0.0000	7.6899	4.9435
0.0000	-63.0000	1.5554	0.0705	0.0454	0.0122	0.0078	7.7583	4.9879
0.0000	-62.5000	1.5554	0.0666	0.0428	0.0011	0.0007	7.8667	5.0576
0.0000	-62.0000	1.5559	0.0479	0.0308	0.0004	0.0003	7.9449	5.1064
0.0000	-61.5000	1.5561	0.0416	0.0267	0.0001	0.0001	7.9133	5.0855
0.0000	-61.0000	1.5557	0.0659	0.0424	0.0004	0.0003	7.9984	5.1414
0.0000	-60.5000	1.5569	0.0640	0.0411	0.0006	0.0004	8.1327	5.2235
0.0000	-60.0000	1.5544	0.0579	0.0373	0.0007	0.0005	8.2689	5.3198
0.0000	-59.5000	1.5555	0.0556	0.0357	0.0009	0.0006	8.2079	5.2766
0.0000	-59.0000	1.5553	0.0691	0.0444	0.0046	0.0030	8.2945	5.3332
0.0000	-58.5000	1.5588	0.0651	0.0418	0.0008	0.0005	8.2987	5.3237
0.0000	-58.0000	1.5558	0.0641	0.0412	0.0017	0.0011	8.3033	5.3371
0.0000	-57.5000	1.5562	0.0617	0.0397	0.0151	0.0097	8.3907	5.3919
0.0000	-57.0000	1.5554	0.0762	0.0490	0.0008	0.0005	8.6078	5.5342
0.0000	-56.5000	1.5559	0.0792	0.0509	0.0010	0.0006	8.5753	5.5116
0.0000	-56.0000	1.5563	0.0877	0.0564	0.0431	0.0277	8.6242	5.5415
0.0000	-55.5000	1.5576	0.1064	0.0683	0.0008	0.0005	8.8475	5.6800
0.0000	-55.0000	1.5566	0.1053	0.0677	0.0174	0.0112	8.9410	5.7441
0.0000	-54.5000	1.5569	0.1130	0.0726	0.0015	0.0010	8.9630	5.7568
0.0000	-54.0000	1.5560	0.1138	0.0731	0.0003	0.0002	9.0157	5.7943
0.0000	-53.5000	1.5565	0.1263	0.0811	0.0013	0.0008	9.0710	5.8279
0.0000	-53.0000	1.5558	0.1229	0.0790	0.0005	0.0003	9.1500	5.8813
0.0000	-52.5000	1.5562	0.1089	0.0700	0.0006	0.0004	9.2219	5.9260
0.0000	-52.0000	1.5554	0.1331	0.0856	0.0010	0.0006	9.2384	5.9396
0.0000	-51.5000	1.5575	0.1036	0.0665	0.0011	0.0007	9.3128	5.9793
0.0000	-51.0000	1.5557	0.0919	0.0591	0.0010	0.0006	9.3925	6.0375
0.0000	-50.5000	1.5552	0.0927	0.0596	0.0009	0.0006	9.3672	6.0232
0.0000	-50.0000	1.5573	0.0829	0.0533	0.0139	0.0089	9.3785	6.0222
0.0000	-49.5000	1.5560	0.0700	0.0450	0.0069	0.0044	9.4419	6.0680
0.0000	-49.0000	1.5562	0.0798	0.0513	0.0014	0.0009	9.5606	6.1435
0.0000	-48.5000	1.5554	0.0751	0.0483	0.0004	0.0003	9.6896	6.2296
0.0000	-48.0000	1.5560	0.0605	0.0389	0.0001	0.0000	9.6344	6.1919
0.0000	-47.5000	1.5549	0.0574	0.0369	0.0009	0.0006	9.7197	6.2510
0.0000	-47.0000	1.5556	0.0657	0.0422	0.0004	0.0003	9.8919	6.3589
0.0000	-46.5000	1.5563	0.0615	0.0395	0.0004	0.0003	9.8414	6.3236
0.0000	-46.0000	1.5542	0.0662	0.0426	0.0003	0.0002	10.0065	6.4386
0.0000	-45.5000	1.5573	0.0614	0.0394	0.0008	0.0005	10.0779	6.4713
0.0000	-45.0000	1.5560	0.0936	0.0602	0.0011	0.0007	10.0776	6.4766
0.0000	-44.5000	1.5553	0.1058	0.0680	0.0248	0.0159	10.2228	6.5727
0.0000	-44.0000	1.5568	0.1037	0.0666	0.0009	0.0006	10.5143	6.7539
0.0000	-43.5000	1.5552	0.1248	0.0802	0.0004	0.0003	10.4291	6.7057
0.0000	-43.0000	1.5561	0.1561	0.1003	0.0007	0.0004	10.5322	6.7685
0.0000	-42.5000	1.5566	0.1961	0.1260	0.0016	0.0010	10.6223	6.8239
0.0000	-42.0000	1.5557	0.2207	0.1419	0.0009	0.0006	11.0105	7.0773
0.0000	-41.5000	1.5551	0.2690	0.1730	0.0011	0.0007	11.1119	7.1455
0.0000	-41.0000	1.5563	0.3061	0.1967	0.0014	0.0009	11.0717	7.1142
0.0000	-40.5000	1.5566	0.3455	0.2220	0.0004	0.0002	11.1959	7.1924
0.0000	-40.0000	1.5552	0.3627	0.2332	0.0013	0.0008	11.3696	7.3107
0.0000	-39.5000	1.5558	0.3970	0.2552	0.0180	0.0116	11.5198	7.4042
0.0000	-39.0000	1.5564	0.3733	0.2398	0.0004	0.0003	11.5332	7.4103
0.0000	-38.5000	1.5552	0.3494	0.2247	0.0004	0.0002	11.5188	7.4066
0.0000	-38.0000	1.5559	0.3230	0.2076	0.0000	0.0000	11.5735	7.4384
0.0000	-37.5000	1.5560	0.2631	0.1691	0.0000	0.0000	11.4579	7.3639
0.0000	-37.0000	1.5552	0.2192	0.1409	0.0014	0.0009	11.5674	7.4378
0.0000	-36.5000	1.5556	0.1688	0.1085	0.0012	0.0008	11.4387	7.3534
0.0000	-36.0000	1.5570	0.1282	0.0824	0.0017	0.0011	11.4173	7.3331
0.0000	-35.5000	1.5559	0.1200	0.0771	0.0008	0.0005	11.5241	7.4066
0.0000	-35.0000	1.5557	0.1033	0.0664	0.0017	0.0011	11.5059	7.3961
0.0000	-34.5000	1.5557	0.0865	0.0556	0.0005	0.0003	11.5202	7.4052
0.0000	-34.0000	1.5561	0.0856	0.0550	0.0000	0.0000	11.4972	7.3885
0.0000	-33.5000	1.5559	0.0861	0.0554	0.0006	0.0004	11.6473	7.4858
0.0000	-33.0000	1.5564	0.0947	0.0608	0.0010	0.0006	11.7370	7.5409
0.0000	-32.5000	1.5555	0.0930	0.0598	0.0005	0.0003	11.8753	7.6346
0.0000	-32.0000	1.5565	0.1011	0.0650	0.0003	0.0002	12.1087	7.7797
0.0000	-31.5000	1.5559	0.1180	0.0759	0.0008	0.0005	12.1255	7.7931
0.0000	-31.0000	1.5557	0.1760	0.1131	0.0005	0.0003	12.3029	7.9085
0.0000	-30.5000	1.5565	0.2004	0.1288	0.0006	0.0004	12.5340	8.0526
0.0000	-30.0000	1.5553	0.2713	0.1744	0.0023	0.0015	12.6729	8.1480
0.0000	-29.5000	1.5562	0.3510	0.2256	0.0181	0.0116	12.8880	8.2817
0.0000	-29.0000	1.5563	0.4474	0.2875	0.0003	0.0002	13.2165	8.4924
0.0000	-28.5000	1.5553	0.5689	0.3658	0.0008	0.0005	13.5344	8.7020
0.0000	-28.0000	1.5557	0.6687	0.4298	0.0000	0.0000	13.7368	8.8302
0.0000	-27.5000	1.5566	0.7865	0.5052	0.0003	0.0002	13.8442	8.8938
0.0000	-27.0000	1.5560	0.9479	0.6092	0.0016	0.0010	14.0753	9.0459
0.0000	-26.5000	1.5553	0.9070	0.5832	0.0003	0.0002	14.1667	9.1088
0.0000	-26.0000	1.5565	0.9271	0.5957	0.0000	0.0000	14.4081	9.2568
0.0000	-25.5000	1.5567	0.9542	0.6129	0.0007	0.0004	14.6835	9.4322
0.0000	-25.0000	1.5548	0.8394	0.5399	0.0005	0.0003	14.3079	9.2025
0.0000	-24.5000	1.5563	0.6669	0.4285	0.0009	0.0006	14.0751	9.0442
0.0000	-24.0000	1.5561	0.5182	0.3330	0.0006	0.0004	13.8954	8.9295
0.0000	-23.5000	1.5561	0.3867	0.2485	0.0013	0.0008	13.8468	8.8985
0.0000	-23.0000	1.5555	0.2921	0.1878	0.0003	0.0002	13.7874	8.8638
0.0000	-22.5000	1.5567	0.2282	0.1466	0.0007	0.0004	13.6105	8.7431
0.0000	-22.0000	1.5554	0.1633	0.1050	0.0005	0.0003	13.3568	8.5876
0.0000	-21.5000	1.5560	0.1392	0.0894	0.0008	0.0005	13.5264	8.6930
0.0000	-21.0000	1.5564	0.1362	0.0875	0.0008	0.0005	13.6024	8.7398
0.0000	-20.5000	1.5563	0.1201	0.0772	0.0000	0.0000	13.7269	8.8201
0.0000	-20.0000	1.5561	0.1207	0.0776	0.0113	0.0073	13.6807	8.7918
0.0000	-19.5000	1.5540	0.1649	0.1061	0.0004	0.0003	13.8057	8.8839
0.0000	-19.0000	1.5566	0.1661	0.1067	0.0000	0.0000	14.0113	9.0015
0.0000	-18.5000	1.5559	0.2408	0.1548	0.0003	0.0002	14.1419	9.0894
0.0000	-18.0000	1.5560	0.3086	0.1983	0.0006	0.0004	14.4504	9.2868
0.0000	-17.5000	1.5561	0.4615	0.2966	0.0000	0.0000	14.7442	9.4752
0.0000	-17.0000	1.5562	0.5824	0.3743	0.0003	0.0002	15.1236	9.7184
0.0000	-16.5000	1.5553	0.7723	0.4966	0.0003	0.0002	15.7744	10.1424
0.0000	-16.0000	1.5562	1.0524	0.6762	0.0004	0.0003	16.2987	10.4734
0.0000	-15.5000	1.5563	1.3470	0.8655	0.0024	0.0016	16.6061	10.6701
0.0000	-15.0000	1.5555	1.6950	1.0896	0.0148	0.0095	17.3857	11.1766
0.0000	-14.5000	1.5556	2.0258	1.3023	0.0006	0.0004	18.0942	11.6317
0.0000	-14.0000	1.5560	2.2235	1.4290	0.0011	0.0007	18.5398	11.9148
0.0000	-13.5000	1.5560	2.4162	1.5528	0.0013	0.0009	18.7497	12.0502
0.0000	-13.0000	1.5555	2.4447	1.5716	0.0013	0.0009	19.0567	12.2511
0.0000	-12.5000	1.5555	2.2774	1.4641	0.0070	0.0045	18.6799	12.0092
0.0000	-12.0000	1.5563	2.0935	1.3452	0.0007	0.0004	18.4208	11.8360
0.0000	-11.5000	1.5563	1.6807	1.0799	0.0000	0.0000	17.7586	11.4109
0.0000	-11.0000	1.5560	1.3684	0.8795	0.0011	0.0007	17.3402	11.1444
0.0000	-10.5000	1.5556	0.9838	0.6324	0.0024	0.0016	16.5262	10.6233
0.0000	-10.0000	1.5559	0.7226	0.4644	0.0005	0.0003	16.3315	10.4968
0.0000	-9.5000	1.5563	0.4852	0.3117	0.0015	0.0010	15.8724	10.1988
0.0000	-9.0000	1.5562	0.3447	0.2215	0.0008	0.0005	15.4641	9.9371
0.0000	-8.5000	1.5554	0.2650	0.1704	0.0007	0.0004	15.4151	9.9107
0.0000	-8.0000	1.5566	0.1921	0.1234	0.0319	0.0205	15.2866	9.8202
0.0000	-7.5000	1.5554	0.1668	0.1073	0.0005	0.0003	15.3214	9.8503
0.0000	-7.0000	1.5558	0.1788	0.1149	0.0000	0.0000	15.3431	9.8616
0.0000	-6.5000	1.5561	0.2142	0.1376	0.0003	0.0002	15.6236	10.0403
0.0000	-6.0000	1.5562	0.2639	0.1696	0.0000	0.0000	15.7330	10.1102
0.0000	-5.5000	1.5551	0.3177	0.2043	0.0125	0.0081	15.9865	10.2801
0.0000	-5.0000	1.5560	0.4557	0.2929	0.0004	0.0002	16.2423	10.4388
0.0000	-4.5000	1.5563	0.6171	0.3966	0.0005	0.0003	16.7460	10.7605
0.0000	-4.0000	1.5561	0.9368	0.6020	0.0005	0.0003	17.2340	11.0754
0.0000	-3.5000	1.5559	1.2701	0.8163	0.0019	0.0012	18.1641	11.6740
0.0000	-3.0000	1.5562	1.7859	1.1476	0.0171	0.0110	18.9670	12.1878
0.0000	-2.5000	1.5566	2.2884	1.4702	0.0009	0.0006	19.6844	12.6459
0.0000	-2.0000	1.5560	2.7992	1.7990	0.0146	0.0094	20.8983	13.4310
0.0000	-1.5000	1.5563	3.3433	2.1483	0.0000	0.0000	22.0379	14.1609
0.0000	-1.0000	1.5560	3.6879	2.3701	0.0113	0.0073	22.5341	14.4819
0.0000	-0.5000	1.5553	4.0274	2.5894	0.0007	0.0004	23.0646	14.8295
0.0000	0.0000	1.5567	3.9059	2.5092	0.0011	0.0007	22.6957	14.5798
0.0000	0.5000	1.5557	3.5824	2.3028	0.0182	0.0117	22.5470	14.4935
0.0000	1.0000	1.5565	3.1923	2.0510	0.0012	0.0008	21.6184	13.8894
0.0000	1.5000	1.5560	2.5921	1.6659	0.0008	0.0005	20.6008	13.2395
0.0000	2.0000	1.5563	2.1044	1.3522	0.0082	0.0052	19.8633	12.7632
0.0000	2.5000	1.5561	1.5684	1.0079	0.0081	0.0052	18.8932	12.1410
0.0000	3.0000	1.5559	1.1076	0.7119	0.0004	0.0003	17.8023	11.4420
0.0000	3.5000	1.5559	0.7998	0.5140	0.0007	0.0005	17.3619	11.1590
0.0000	4.0000	1.5564	0.5220	0.3354	0.0199	0.0128	16.7989	10.7932
0.0000	4.5000	1.5563	0.4035	0.2592	0.0004	0.0002	16.6413	10.6932
0.0000	5.0000	1.5553	0.2912	0.1872	0.0000	0.0000	16.1561	10.3879
0.0000	5.5000	1.5563	0.2411	0.1549	0.0016	0.0010	16.0132	10.2890
0.0000	6.0000	1.5564	0.2134	0.1371	0.0008	0.0005	15.9973	10.2783
0.0000	6.5000	1.5551	0.2188	0.1407	0.0001	0.0000	16.0800	10.3399
0.0000	7.0000	1.5559	0.2507	0.1611	0.0014	0.0009	15.9329	10.2404
0.0000	7.5000	1.5569	0.3353	0.2154	0.0007	0.0005	16.1553	10.3767
0.0000	8.0000	1.5567	0.4838	0.3108	0.0006	0.0004	16.4279	10.5533
0.0000	8.5000	1.5561	0.7010	0.4505	0.0012	0.0007	16.9163	10.8711
0.0000	9.0000	1.5563	1.0066	0.6468	0.0009	0.0006	17.3132	11.1244
0.0000	9.5000	1.5558	1.3761	0.8845	0.0010	0.0006	18.0415	11.5960
0.0000	10.0000	1.5571	1.7426	1.1191	0.0004	0.0002	18.6950	12.0067
0.0000	10.5000	1.5563	2.0936	1.3453	0.0094	0.0060	19.3785	12.4520
0.0000	11.0000	1.5566	2.5411	1.6324	0.0005	0.0003	19.9181	12.7957
0.0000	11.5000	1.5562	2.7230	1.7498	0.0013	0.0008	20.3406	13.0708
0.0000	12.0000	1.5557	2.9789	1.9148	0.0005	0.0003	20.6235	13.2567
0.0000	12.5000	1.5574	2.8128	1.8060	0.0009	0.0006	20.3658	13.0765
0.0000	13.0000	1.5562	2.6259	1.6874	0.0004	0.0003	20.1157	12.9262
0.0000	13.5000	1.5559	2.4548	1.5778	0.0004	0.0003	19.6920	12.6567
0.0000	14.0000	1.5554	1.9838	1.2755	0.0004	0.0003	18.8190	12.0994
0.0000	14.5000	1.5569	1.5809	1.0154	0.0007	0.0005	18.2306	11.7097
0.0000	15.0000	1.5559	1.3021	0.8369	0.0359	0.0231	17.5199	11.2602
0.0000	15.5000	1.5569	0.9278	0.5959	0.0015	0.0009	16.8875	10.8466
0.0000	16.0000	1.5564	0.7283	0.4680	0.0004	0.0003	16.2402	10.4345
0.0000	16.5000	1.5561	0.5011	0.3220	0.0008	0.0005	15.7105	10.0959
0.0000	17.0000	1.5566	0.3878	0.2491	0.0014	0.0009	15.5783	10.0082
0.0000	17.5000	1.5559	0.2489	0.1600	0.0014	0.0009	15.2923	9.8288
0.0000	18.0000	1.5562	0.2071	0.1331	0.0176	0.0113	15.1069	9.7075
0.0000	18.5000	1.5556	0.1846	0.1187	0.0000	0.0000	14.7348	9.4719
0.0000	19.0000	1.5567	0.1516	0.0974	0.0000	0.0000	14.8320	9.5276
0.0000	19.5000	1.5557	0.1812	0.1165	0.0003	0.0002	14.9276	9.5953
0.0000	20.0000	1.5569	0.2134	0.1371	0.0003	0.0002	14.7935	9.5020
0.0000	20.5000	1.5563	0.2860	0.1838	0.0151	0.0097	15.0113	9.6455
0.0000	21.0000	1.5561	0.3982	0.2559	0.0008	0.0005	15.1088	9.7093
0.0000	21.5000	1.5569	0.5450	0.3501	0.0000	0.0000	15.4470	9.9217
0.0000	22.0000	1.5556	0.7817	0.5025	0.0004	0.0003	15.7749	10.1409
0.0000	22.5000	1.5567	0.9822	0.6309	0.0004	0.0003	16.0502	10.3106
0.0000	23.0000	1.5560	1.2926	0.8307	0.0025	0.0016	16.5355	10.6268
0.0000	23.5000	1.5565	1.6056	1.0316	0.0004	0.0002	17.0252	10.9383
0.0000	24.0000	1.5565	1.7310	1.1122	0.0013	0.0008	17.2440	11.0790
0.0000	24.5000	1.5554	1.8203	1.1703	0.0000	0.0000	17.4319	11.2076
0.0000	25.0000	1.5569	1.7919	1.1510	0.0003	0.0002	17.3038	11.1145
0.0000	25.5000	1.5559	1.7152	1.1024	0.0008	0.0005	17.0616	10.9661
0.0000	26.0000	1.5560	1.5206	0.9772	0.0008	0.0005	16.6260	10.6849
0.0000	26.5000	1.5561	1.2649	0.8129	0.0006	0.0004	16.0546	10.3175
0.0000	27.0000	1.5565	1.0344	0.6646	0.0003	0.0002	15.6179	10.0341
0.0000	27.5000	1.5560	0.7820	0.5026	0.0004	0.0003	15.0841	9.6942
0.0000	28.0000	1.5558	0.6177	0.3971	0.0220	0.0141	14.7013	9.4495
0.0000	28.5000	1.5566	0.4496	0.2888	0.0173	0.0111	14.3620	9.2267
0.0000	29.0000	1.5560	0.3552	0.2283	0.0022	0.0014	13.9809	8.9853
0.0000	29.5000	1.5565	0.2357	0.1514	0.0011	0.0007	13.7723	8.8483
0.0000	30.0000	1.5560	0.1897	0.1219	0.0376	0.0241	13.4771	8.6616
0.0000	30.5000	1.5566	0.1511	0.0971	0.0007	0.0005	13.1863	8.4713
0.0000	31.0000	1.5556	0.1276	0.0821	0.0009	0.0006	13.1838	8.4750
0.0000	31.5000	1.5559	0.1048	0.0674	0.0030	0.0019	12.9974	8.3538
0.0000	32.0000	1.5563	0.1103	0.0709	0.0022	0.0014	12.9503	8.3214
0.0000	32.5000	1.5558	0.0954	0.0613	0.0006	0.0004	12.8515	8.2604
0.0000	33.0000	1.5565	0.1169	0.0751	0.0015	0.0010	12.7504	8.1916
0.0000	33.5000	1.5554	0.1184	0.0762	0.0100	0.0064	12.7654	8.2070
0.0000	34.0000	1.5564	0.1585	0.1019	0.0000	0.0000	12.8285	8.2426
0.0000	34.5000	1.5565	0.2228	0.1432	0.0018	0.0011	12.8753	8.2719
0.0000	35.0000	1.5560	0.3060	0.1967	0.0000	0.0000	12.9426	8.3181
0.0000	35.5000	1.5557	0.4158	0.2673	0.0007	0.0005	13.2050	8.4880
0.0000	36.0000	1.5563	0.5242	0.3368	0.0004	0.0002	13.2629	8.5220
0.0000	36.5000	1.5567	0.6747	0.4335	0.0005	0.0003	13.4371	8.6320
0.0000	37.0000	1.5560	0.7131	0.4583	0.0096	0.0062	13.3658	8.5897
0.0000	37.5000	1.5563	0.7797	0.5010	0.0012	0.0008	13.4853	8.6648
0.0000	38.0000	1.5564	0.7954	0.5110	0.0013	0.0009	13.4777	8.6593
0.0000	38.5000	1.5562	0.7600	0.4884	0.0015	0.0010	13.3069	8.5512
0.0000	39.0000	1.5564	0.6742	0.4332	0.0003	0.0002	13.1699	8.4618
0.0000	39.5000	1.5558	0.6072	0.3903	0.0066	0.0042	12.7651	8.2051
0.0000	40.0000	1.5570	0.4726	0.3035	0.0013	0.0008	12.6327	8.1135
0.0000	40.5000	1.5565	0.3799	0.2441	0.0063	0.0040	12.0719	7.7558
0.0000	41.0000	1.5563	0.2946	0.1893	0.0005	0.0003	11.7731	7.5650
0.0000	41.5000	1.5562	0.2009	0.1291	0.0370	0.0238	11.6519	7.4876
0.0000	42.0000	1.5563	0.1488	0.0956	0.0015	0.0010	11.5460	7.4187
0.0000	42.5000	1.5560	0.1205	0.0774	0.0010	0.0007	11.3312	7.2824
0.0000	43.0000	1.5562	0.1048	0.0673	0.0012	0.0007	11.1578	7.1699
0.0000	43.5000	1.5562	0.1033	0.0664	0.0004	0.0003	11.2815	7.2493
0.0000	44.0000	1.5561	0.0829	0.0533	0.0167	0.0108	11.2226	7.2119
0.0000	44.5000	1.5562	0.0828	0.0532	0.0008	0.0005	10.9710	7.0498
0.0000	45.0000	1.5562	0.0692	0.0445	0.0004	0.0003	10.9942	7.0645
0.0000	45.5000	1.5565	0.0886	0.0569	0.0009	0.0006	11.0356	7.0900
0.0000	46.0000	1.5564	0.0917	0.0589	0.0017	0.0011	10.6426	6.8379
0.0000	46.5000	1.5552	0.0762	0.0490	0.0018	0.0012	10.7046	6.8830
0.0000	47.0000	1.5564	0.0872	0.0560	0.0011	0.0007	10.6898	6.8684
0.0000	47.5000	1.5564	0.0945	0.0607	0.0017	0.0011	10.6549	6.8458
0.0000	48.0000	1.5562	0.1199	0.0770	0.0008	0.0005	10.5512	6.7803
0.0000	48.5000	1.5559	0.1276	0.0820	0.0005	0.0003	10.5365	6.7719
0.0000	49.0000	1.5557	0.1712	0.1100	0.0021	0.0013	10.4055	6.6888
0.0000	49.5000	1.5566	0.1940	0.1247	0.0004	0.0003	10.5556	6.7811
0.0000	50.0000	1.5560	0.2217	0.1425	0.0009	0.0006	10.5763	6.7971
0.0000	50.5000	1.5566	0.2370	0.1523	0.0007	0.0004	10.4109	6.6881
0.0000	51.0000	1.5561	0.2610	0.1677	0.0007	0.0004	10.3420	6.6460
0.0000	51.5000	1.5562	0.2492	0.1602	0.0153	0.0099	10.3383	6.6433
0.0000	52.0000	1.5555	0.2542	0.1634	0.0017	0.0011	10.1039	6.4954
0.0000	52.5000	1.5563	0.2353	0.1512	0.0007	0.0004	9.9586	6.3989
0.0000	53.0000	1.5583	0.2155	0.1383	0.0180	0.0115	9.8033	6.2909
0.0000	53.5000	1.5550	0.1661	0.1068	0.0007	0.0005	9.8145	6.3117
0.0000	54.0000	1.5568	0.1422	0.0913	0.0010	0.0007	9.6995	6.2303
0.0000	54.5000	1.5555	0.1116	0.0718	0.0023	0.0015	9.5007	6.1078
0.0000	55.0000	1.5553	0.1014	0.0652	0.0007	0.0005	9.4238	6.0590
0.0000	55.5000	1.5563	0.0845	0.0543	0.0016	0.0010	9.2710	5.9572
0.0000	56.0000	1.5555	0.0827	0.0531	0.0026	0.0017	9.2574	5.9515
0.0000	56.5000	1.5559	0.0630	0.0405	0.0012	0.0008	9.0578	5.8214
0.0000	57.0000	1.5563	0.0600	0.0386	0.0009	0.0006	8.9151	5.7284
0.0000	57.5000	1.5557	0.0427	0.0275	0.0000	0.0000	9.0077	5.7902
0.0000	58.0000	1.5562	0.0511	0.0329	0.0005	0.0003	8.7787	5.6411
0.0000	58.5000	1.5566	0.0495	0.0318	0.0000	0.0000	8.8689	5.6977
0.0000	59.0000	1.5554	0.0634	0.0408	0.0005	0.0003	8.6804	5.5807
0.0000	59.5000	1.5563	0.0576	0.0370	0.0127	0.0081	8.6816	5.5783
0.0000	60.0000	1.5553	0.0579	0.0372	0.0013	0.0008	8.4689	5.4452
0.0000	60.5000	1.5557	0.0733	0.0471	0.0054	0.0035	8.5797	5.5150
0.0000	61.0000	1.5569	0.0582	0.0374	0.0015	0.0010	8.4328	5.4165
0.0000	61.5000	1.5558	0.0682	0.0439	0.0000	0.0000	8.2446	5.2992
0.0000	62.0000	1.5550	0.0662	0.0426	0.0360	0.0232	8.2717	5.3195
0.0000	62.5000	1.5569	0.0746	0.0479	0.0013	0.0008	8.2894	5.3242
0.0000	63.0000	1.5565	0.0814	0.0523	0.0016	0.0010	8.2254	5.2845
0.0000	63.5000	1.5554	0.0813	0.0523	0.0005	0.0003	8.1203	5.2207
0.0000	64.0000	1.5565	0.0925	0.0595	0.0155	0.0100	7.9239	5.0907
0.0000	64.5000	1.5562	0.1014	0.0652	0.0236	0.0152	8.0556	5.1766
0.0000	65.0000	1.5561	0.0895	0.0575	0.0021	0.0013	7.9730	5.1239
0.0000	65.5000	1.5562	0.0859	0.0552	0.0003	0.0002	7.8292	5.0311
0.0000	66.0000	1.5565	0.0861	0.0553	0.0106	0.0068	7.6453	4.9118
0.0000	66.5000	1.5564	0.0779	0.0500	0.0012	0.0008	7.8025	5.0130
0.0000	67.0000	1.5558	0.0486	0.0312	0.0008	0.0005	7.5551	4.8560
0.0000	67.5000	1.5563	0.0618	0.0397	0.0014	0.0009	7.4062	4.7587
0.0000	68.0000	1.5555	0.0561	0.0360	0.0028	0.0018	7.4227	4.7720
0.0000	68.5000	1.5562	0.0375	0.0241	0.0013	0.0009	7.2023	4.6281
0.0000	69.0000	1.5565	0.0452	0.0290	0.0011	0.0007	7.2512	4.6586
0.0000	69.5000	1.5555	0.0624	0.0401	0.0004	0.0003	7.1844	4.6186
0.0000	70.0000	1.5562	0.0436	0.0280	0.0009	0.0006	6.9432	4.4616
0.0000	70.5000	1.5568	0.0324	0.0208	0.0006	0.0004	6.9597	4.4705
0.0000	71.0000	1.5559	0.0483	0.0310	0.0007	0.0005	7.0389	4.5241
0.0000	71.5000	1.5567	0.0529	0.0340	0.0012	0.0008	6.8219	4.3824
0.0000	72.0000	1.5562	0.0396	0.0254	0.0008	0.0005	6.8237	4.3849
0.0000	72.5000	1.5562	0.0426	0.0274	0.0014	0.0009	6.6377	4.2653
0.0000	73.0000	1.5559	0.0452	0.0291	0.0008	0.0005	6.6755	4.2905
0.0000	73.5000	1.5564	0.0273	0.0175	0.0004	0.0002	6.5688	4.2205
0.0000	74.0000	1.5566	0.0427	0.0274	0.0003	0.0002	6.4661	4.1540
0.0000	74.5000	1.5559	0.0258	0.0166	0.0008	0.0005	6.3339	4.0709
0.0000	75.0000	1.5559	0.0298	0.0191	0.0006	0.0004	6.3436	4.0773
