Xcoord	Ycoord	Beam	chan0	chan0 norm	chan2	chan2 norm	chan3	chan3 norm	
-75.0000	0.0000	1.5569	0.0226	0.0145	0.0071	0.0046	6.4142	4.1197
-74.5000	0.0000	1.5569	0.0269	0.0172	0.0089	0.0057	6.5032	4.1770
-74.0000	0.0000	1.5580	0.0314	0.0201	0.0008	0.0005	6.6607	4.2752
-73.5000	0.0000	1.5577	0.0378	0.0243	0.0000	0.0000	6.5430	4.2005
-73.0000	0.0000	1.5565	0.0242	0.0155	0.0108	0.0070	6.6812	4.2924
-72.5000	0.0000	1.5572	0.0499	0.0320	0.0007	0.0005	6.6465	4.2683
-72.0000	0.0000	1.5568	0.0307	0.0197	0.0000	0.0000	6.8102	4.3746
-71.5000	0.0000	1.5565	0.0182	0.0117	0.0005	0.0004	6.8606	4.4076
-71.0000	0.0000	1.5568	0.0360	0.0231	0.0113	0.0073	6.8897	4.4257
-70.5000	0.0000	1.5567	0.0189	0.0122	0.0279	0.0179	6.9301	4.4518
-70.0000	0.0000	1.5569	0.0308	0.0198	0.0228	0.0147	7.0389	4.5211
-69.5000	0.0000	1.5595	0.0341	0.0219	0.0090	0.0057	7.0889	4.5458
-69.0000	0.0000	1.5559	0.0413	0.0266	0.0014	0.0009	7.1579	4.6004
-68.5000	0.0000	1.5563	0.0300	0.0193	0.0075	0.0048	7.2037	4.6288
-68.0000	0.0000	1.5572	0.0185	0.0119	0.0012	0.0008	7.1683	4.6034
-67.5000	0.0000	1.5568	0.0468	0.0300	0.0083	0.0054	7.3012	4.6899
-67.0000	0.0000	1.5574	0.0291	0.0187	1.6100	1.0338	7.3986	4.7507
-66.5000	0.0000	1.5568	0.0459	0.0295	0.0017	0.0011	7.4598	4.7918
-66.0000	0.0000	1.5572	0.0348	0.0224	0.0079	0.0051	7.5200	4.8291
-65.5000	0.0000	1.5567	0.0347	0.0223	0.0017	0.0011	7.6092	4.8880
-65.0000	0.0000	1.5566	0.0516	0.0332	0.0005	0.0003	7.7609	4.9858
-64.5000	0.0000	1.5570	0.0373	0.0239	0.0114	0.0073	7.7969	5.0078
-64.0000	0.0000	1.5568	0.0292	0.0187	0.0009	0.0006	7.7721	4.9925
-63.5000	0.0000	1.5569	0.0305	0.0196	0.0141	0.0091	7.8372	5.0338
-63.0000	0.0000	1.5567	0.0342	0.0220	0.0014	0.0009	7.8052	5.0140
-62.5000	0.0000	1.5568	0.0419	0.0269	0.0071	0.0046	7.9511	5.1075
-62.0000	0.0000	1.5569	0.0422	0.0271	0.0023	0.0015	8.0751	5.1867
-61.5000	0.0000	1.5575	0.0545	0.0350	0.0017	0.0011	8.1220	5.2149
-61.0000	0.0000	1.5576	0.0367	0.0236	0.0004	0.0003	8.1874	5.2563
-60.5000	0.0000	1.5571	0.0399	0.0256	0.0389	0.0250	8.2537	5.3007
-60.0000	0.0000	1.5570	0.0396	0.0254	0.0114	0.0073	8.2597	5.3049
-59.5000	0.0000	1.5568	0.0531	0.0341	0.0105	0.0067	8.3832	5.3850
-59.0000	0.0000	1.5570	0.0655	0.0421	0.0005	0.0003	8.5057	5.4628
-58.5000	0.0000	1.5569	0.0420	0.0270	0.0006	0.0004	8.5164	5.4701
-58.0000	0.0000	1.5573	0.0317	0.0203	0.0000	0.0000	8.5942	5.5188
-57.5000	0.0000	1.5572	0.0604	0.0388	0.0007	0.0005	8.6686	5.5668
-57.0000	0.0000	1.5568	0.0364	0.0234	0.0004	0.0003	8.7180	5.6000
-56.5000	0.0000	1.5568	0.0434	0.0279	0.0007	0.0004	8.8109	5.6594
-56.0000	0.0000	1.5565	0.0285	0.0183	0.0103	0.0066	8.8171	5.6646
-55.5000	0.0000	1.5567	0.0452	0.0291	0.0011	0.0007	8.9259	5.7340
-55.0000	0.0000	1.5569	0.0426	0.0274	0.0014	0.0009	9.1332	5.8663
-54.5000	0.0000	1.5570	0.0570	0.0366	0.0008	0.0005	8.9836	5.7699
-54.0000	0.0000	1.5574	0.0446	0.0286	0.0017	0.0011	9.1464	5.8729
-53.5000	0.0000	1.5572	0.0433	0.0278	0.0011	0.0007	9.3516	6.0054
-53.0000	0.0000	1.5574	0.0379	0.0243	0.0007	0.0005	9.2827	5.9602
-52.5000	0.0000	1.5571	0.0515	0.0331	0.0014	0.0009	9.3139	5.9815
-52.0000	0.0000	1.5567	0.0490	0.0315	0.0113	0.0073	9.4327	6.0593
-51.5000	0.0000	1.5565	0.0517	0.0332	0.0009	0.0006	9.6590	6.2057
-51.0000	0.0000	1.5569	0.0490	0.0314	0.0213	0.0137	9.6712	6.2117
-50.5000	0.0000	1.5571	0.0621	0.0399	0.0006	0.0004	9.6749	6.2136
-50.0000	0.0000	1.5573	0.0650	0.0418	0.0003	0.0002	9.7974	6.2911
-49.5000	0.0000	1.5568	0.0631	0.0405	0.0087	0.0056	9.7774	6.2804
-49.0000	0.0000	1.5571	0.0579	0.0372	0.0081	0.0052	9.8278	6.3117
-48.5000	0.0000	1.5570	0.0500	0.0321	0.0004	0.0003	9.9927	6.4178
-48.0000	0.0000	1.5565	0.0536	0.0344	0.0013	0.0008	10.1296	6.5077
-47.5000	0.0000	1.5567	0.0523	0.0336	0.0029	0.0019	10.0510	6.4566
-47.0000	0.0000	1.5576	0.0543	0.0349	0.0011	0.0007	10.2559	6.5844
-46.5000	0.0000	1.5576	0.0696	0.0447	0.0008	0.0005	10.2812	6.6008
-46.0000	0.0000	1.5573	0.0604	0.0388	0.0009	0.0006	10.4129	6.6864
-45.5000	0.0000	1.5571	0.0492	0.0316	0.0011	0.0007	10.3911	6.6734
-45.0000	0.0000	1.5571	0.0553	0.0355	0.0005	0.0003	10.5338	6.7651
-44.5000	0.0000	1.5569	0.0686	0.0441	0.0011	0.0007	10.5385	6.7690
-44.0000	0.0000	1.5569	0.0853	0.0548	0.0026	0.0017	10.7396	6.8979
-43.5000	0.0000	1.5572	0.0999	0.0642	0.0008	0.0005	10.6624	6.8470
-43.0000	0.0000	1.5568	0.1032	0.0663	0.0007	0.0005	11.0130	7.0743
-42.5000	0.0000	1.5563	0.1268	0.0815	0.0007	0.0005	11.2172	7.2075
-42.0000	0.0000	1.5568	0.1550	0.0996	0.0074	0.0047	11.1848	7.1847
-41.5000	0.0000	1.5572	0.1877	0.1205	0.0005	0.0003	11.3444	7.2851
-41.0000	0.0000	1.5570	0.2543	0.1634	0.0003	0.0002	11.6099	7.4568
-40.5000	0.0000	1.5567	0.3139	0.2016	0.0014	0.0009	11.7549	7.5511
-40.0000	0.0000	1.5571	0.4000	0.2569	0.0077	0.0049	12.0992	7.7705
-39.5000	0.0000	1.5567	0.4661	0.2994	0.0056	0.0036	12.2440	7.8654
-39.0000	0.0000	1.5567	0.5062	0.3252	0.0112	0.0072	12.4429	7.9933
-38.5000	0.0000	1.5571	0.5371	0.3450	0.0049	0.0032	12.4934	8.0234
-38.0000	0.0000	1.5570	0.5059	0.3249	0.0019	0.0012	12.4808	8.0159
-37.5000	0.0000	1.5598	0.4684	0.3003	0.0005	0.0003	12.4972	8.0123
-37.0000	0.0000	1.5552	0.4028	0.2590	0.0221	0.0142	12.3789	7.9598
-36.5000	0.0000	1.5561	0.3279	0.2107	0.0015	0.0010	12.3789	7.9549
-36.0000	0.0000	1.5572	0.2385	0.1532	0.0206	0.0133	12.4003	7.9630
-35.5000	0.0000	1.5567	0.1873	0.1203	0.0012	0.0008	12.3706	7.9467
-35.0000	0.0000	1.5571	0.1339	0.0860	0.0018	0.0012	12.4082	7.9690
-34.5000	0.0000	1.5570	0.0969	0.0623	0.0013	0.0008	12.3138	7.9088
-34.0000	0.0000	1.5562	0.0922	0.0592	0.0005	0.0003	12.2841	7.8938
-33.5000	0.0000	1.5570	0.0715	0.0459	0.0124	0.0080	12.4197	7.9767
-33.0000	0.0000	1.5577	0.0613	0.0394	0.0008	0.0005	12.4273	7.9779
-32.5000	0.0000	1.5573	0.0659	0.0423	0.0008	0.0005	12.5611	8.0660
-32.0000	0.0000	1.5567	0.0644	0.0414	0.0002	0.0001	12.4280	7.9835
-31.5000	0.0000	1.5568	0.0680	0.0437	0.0018	0.0012	12.6162	8.1039
-31.0000	0.0000	1.5565	0.0669	0.0430	0.0190	0.0122	12.7384	8.1838
-30.5000	0.0000	1.5562	0.0644	0.0414	0.0013	0.0009	12.7445	8.1892
-30.0000	0.0000	1.5570	0.0747	0.0480	0.0010	0.0006	12.7440	8.1852
-29.5000	0.0000	1.5570	0.0724	0.0465	0.0006	0.0004	12.7877	8.2133
-29.0000	0.0000	1.5567	0.0574	0.0369	0.0125	0.0080	12.9760	8.3356
-28.5000	0.0000	1.5572	0.0618	0.0397	0.0007	0.0004	13.0872	8.4042
-28.0000	0.0000	1.5568	0.0617	0.0396	0.0003	0.0002	13.1202	8.4276
-27.5000	0.0000	1.5570	0.0585	0.0376	0.0071	0.0045	13.1995	8.4772
-27.0000	0.0000	1.5564	0.0703	0.0452	0.0006	0.0004	13.2141	8.4905
-26.5000	0.0000	1.5563	0.0613	0.0394	0.0002	0.0001	13.4180	8.6218
-26.0000	0.0000	1.5573	0.0650	0.0417	0.0007	0.0005	13.4772	8.6544
-25.5000	0.0000	1.5577	0.0780	0.0501	0.0017	0.0011	13.4728	8.6491
-25.0000	0.0000	1.5570	0.0633	0.0407	0.0007	0.0005	13.5836	8.7241
-24.5000	0.0000	1.5571	0.0661	0.0425	0.0009	0.0006	13.6044	8.7367
-24.0000	0.0000	1.5565	0.0736	0.0473	0.0012	0.0008	13.6821	8.7902
-23.5000	0.0000	1.5572	0.0716	0.0460	0.0072	0.0046	13.8218	8.8759
-23.0000	0.0000	1.5570	0.0666	0.0428	0.0004	0.0003	13.9356	8.9506
-22.5000	0.0000	1.5573	0.0831	0.0534	0.0134	0.0086	14.0290	9.0084
-22.0000	0.0000	1.5568	0.0862	0.0553	0.0009	0.0006	14.0050	8.9963
-21.5000	0.0000	1.5566	0.0916	0.0589	0.0396	0.0254	14.1556	9.0937
-21.0000	0.0000	1.5565	0.1179	0.0758	0.0134	0.0086	14.4599	9.2898
-20.5000	0.0000	1.5568	0.1548	0.0994	0.0224	0.0144	14.6034	9.3806
-20.0000	0.0000	1.5570	0.2106	0.1353	0.0014	0.0009	14.6983	9.4403
-19.5000	0.0000	1.5568	0.2699	0.1734	0.0022	0.0014	15.0131	9.6438
-19.0000	0.0000	1.5569	0.3688	0.2369	0.0013	0.0009	15.2969	9.8254
-18.5000	0.0000	1.5571	0.5395	0.3464	0.0010	0.0006	15.6921	10.0776
-18.0000	0.0000	1.5557	0.7276	0.4677	0.0000	0.0000	16.0755	10.3334
-17.5000	0.0000	1.5566	0.9585	0.6158	0.0000	0.0000	16.4951	10.5971
-17.0000	0.0000	1.5571	1.2561	0.8067	0.0003	0.0002	17.2979	11.1090
-16.5000	0.0000	1.5563	1.6745	1.0760	0.0006	0.0004	18.1323	11.6511
-16.0000	0.0000	1.5567	1.9899	1.2783	0.0003	0.0002	18.7378	12.0369
-15.5000	0.0000	1.5566	2.4420	1.5688	0.0011	0.0007	19.5754	12.5755
-15.0000	0.0000	1.5569	2.7473	1.7646	0.0006	0.0004	20.1559	12.9461
-14.5000	0.0000	1.5565	3.2087	2.0615	0.0010	0.0006	21.0672	13.5351
-14.0000	0.0000	1.5567	3.4130	2.1925	0.0084	0.0054	21.3910	13.7416
-13.5000	0.0000	1.5568	3.5281	2.2663	0.0014	0.0009	21.4536	13.7808
-13.0000	0.0000	1.5575	3.5278	2.2650	0.0002	0.0002	21.6653	13.9105
-12.5000	0.0000	1.5563	3.2448	2.0850	0.0005	0.0003	21.0778	13.5437
-12.0000	0.0000	1.5573	3.0756	1.9750	0.0014	0.0009	20.8660	13.3992
-11.5000	0.0000	1.5569	2.7432	1.7620	0.0003	0.0002	20.2910	13.0330
-11.0000	0.0000	1.5569	2.3412	1.5037	0.0007	0.0004	19.4849	12.5152
-10.5000	0.0000	1.5565	1.9561	1.2567	0.0007	0.0005	18.9703	12.1876
-9.9900	0.0000	1.5567	1.5721	1.0099	0.0005	0.0003	18.2004	11.6918
-9.5000	0.0000	1.5564	1.1918	0.7658	0.0062	0.0040	17.4146	11.1892
-9.0000	0.0000	1.5568	0.9308	0.5979	0.0003	0.0002	17.0087	10.9253
-8.5000	0.0000	1.5560	0.6894	0.4431	0.0006	0.0004	16.5188	10.6163
-8.0000	0.0000	1.5566	0.4923	0.3162	0.0013	0.0008	16.1419	10.3700
-7.5000	0.0000	1.5562	0.3568	0.2293	0.0011	0.0007	15.8905	10.2112
-7.0000	0.0000	1.5563	0.2536	0.1630	0.0010	0.0006	15.4541	9.9302
-6.5000	0.0000	1.5569	0.1857	0.1193	0.0007	0.0004	15.5282	9.9738
-6.0000	0.0000	1.5568	0.1444	0.0928	0.0064	0.0041	15.3424	9.8550
-5.5000	0.0000	1.5587	0.1152	0.0739	0.0017	0.0011	15.1455	9.7167
-5.0000	0.0000	1.5562	0.1014	0.0652	0.0022	0.0014	15.1648	9.7445
-4.5000	0.0000	1.5569	0.0968	0.0622	0.0172	0.0111	15.2521	9.7962
-4.0000	0.0000	1.5564	0.0877	0.0564	0.0010	0.0006	14.9983	9.6364
-3.5000	0.0000	1.5565	0.0740	0.0475	0.0000	0.0000	14.9773	9.6226
-3.0000	0.0000	1.5565	0.0722	0.0464	0.0003	0.0002	15.0743	9.6849
-2.5000	0.0000	1.5566	0.0709	0.0455	0.0010	0.0007	15.0657	9.6786
-2.0000	0.0000	1.5575	0.0854	0.0548	0.0071	0.0046	14.9578	9.6038
-1.5000	0.0000	1.5576	0.0818	0.0525	0.0024	0.0015	15.0079	9.6354
-1.0000	0.0000	1.5567	0.0670	0.0430	0.0003	0.0002	14.9457	9.6009
-0.5000	0.0000	1.5563	0.0788	0.0506	0.0006	0.0004	15.0084	9.6439
0.0000	0.0000	1.5565	0.0748	0.0481	0.0004	0.0003	14.8572	9.5455
0.5000	0.0000	1.5569	0.0653	0.0419	0.0006	0.0004	14.7419	9.4685
1.0000	0.0000	1.5571	0.0849	0.0546	0.0065	0.0042	14.7892	9.4978
1.5000	0.0000	1.5564	0.0744	0.0478	0.0185	0.0119	14.8670	9.5521
2.0000	0.0000	1.5565	0.0873	0.0561	0.0046	0.0030	14.7493	9.4762
2.5000	0.0000	1.5565	0.0783	0.0503	0.0007	0.0005	14.9029	9.5748
3.0000	0.0000	1.5568	0.0957	0.0615	0.0006	0.0004	14.7739	9.4898
3.5000	0.0000	1.5567	0.1099	0.0706	0.0002	0.0001	14.7793	9.4938
4.0000	0.0000	1.5563	0.1304	0.0838	0.0012	0.0007	14.8861	9.5652
4.5000	0.0000	1.5566	0.1462	0.0939	0.0089	0.0057	15.0782	9.6864
5.0000	0.0000	1.5566	0.1956	0.1257	0.0198	0.0127	14.9748	9.6199
5.5000	0.0000	1.5563	0.2830	0.1818	0.0105	0.0067	15.3054	9.8346
6.0000	0.0000	1.5569	0.3867	0.2484	0.0008	0.0005	15.3978	9.8901
6.5000	0.0000	1.5569	0.5197	0.3338	0.0011	0.0007	15.6092	10.0256
7.0000	0.0000	1.5570	0.6859	0.4405	0.0002	0.0001	15.9877	10.2681
7.5000	0.0000	1.5565	0.9051	0.5815	0.0108	0.0070	16.2056	10.4115
8.0000	0.0000	1.5565	1.1858	0.7619	0.0005	0.0003	16.6781	10.7155
8.5000	0.0000	1.5571	1.5000	0.9633	0.0015	0.0010	17.2245	11.0617
9.0000	0.0000	1.5567	1.8762	1.2053	0.0005	0.0003	17.9208	11.5123
9.5000	0.0000	1.5563	2.1281	1.3674	0.0014	0.0009	18.2777	11.7446
10.0000	0.0000	1.5567	2.4135	1.5504	0.0060	0.0038	18.6578	11.9858
10.5000	0.0000	1.5566	2.6333	1.6917	0.0009	0.0006	19.1307	12.2901
11.0000	0.0000	1.5563	2.6908	1.7290	0.0021	0.0013	19.0645	12.2499
11.5000	0.0000	1.5561	2.7383	1.7597	0.0006	0.0004	19.2641	12.3796
12.0000	0.0000	1.5568	2.6671	1.7131	0.0010	0.0006	19.1402	12.2943
12.5000	0.0000	1.5571	2.4370	1.5651	0.0009	0.0006	18.5053	11.8844
13.0000	0.0000	1.5567	2.2441	1.4416	0.0015	0.0010	18.2730	11.7380
13.5000	0.0000	1.5563	1.8972	1.2191	0.0005	0.0003	17.5565	11.2810
14.0000	0.0000	1.5564	1.6060	1.0319	0.0005	0.0003	16.8559	10.8301
14.5000	0.0000	1.5571	1.3656	0.8770	0.0005	0.0003	16.3818	10.5207
15.0000	0.0000	1.5564	1.0840	0.6965	0.0117	0.0075	15.8861	10.2071
15.5000	0.0000	1.5563	0.8518	0.5473	0.0006	0.0004	15.3922	9.8905
16.0000	0.0000	1.5567	0.6698	0.4303	0.0003	0.0002	14.9185	9.5837
16.5000	0.0000	1.5559	0.4738	0.3045	0.0002	0.0001	14.3110	9.1981
17.0000	0.0000	1.5562	0.3549	0.2281	0.0000	0.0000	13.9242	8.9475
17.5000	0.0000	1.5555	0.2804	0.1802	0.0000	0.0000	13.8369	8.8953
18.0000	0.0000	1.5568	0.2079	0.1336	0.0108	0.0069	13.6382	8.7602
18.5000	0.0000	1.5564	0.1550	0.0996	0.0012	0.0008	13.3489	8.5766
19.0000	0.0000	1.5565	0.1325	0.0851	0.0144	0.0092	13.2265	8.4976
19.5000	0.0000	1.5568	0.0995	0.0639	0.0013	0.0008	13.0215	8.3643
20.0000	0.0000	1.5560	0.0927	0.0596	0.0044	0.0029	12.9492	8.3220
20.5000	0.0000	1.5567	0.0761	0.0489	0.0006	0.0004	12.8230	8.2372
21.0000	0.0000	1.5564	0.0627	0.0403	0.0008	0.0005	12.6507	8.1281
21.5000	0.0000	1.5559	0.0657	0.0423	0.0002	0.0001	12.6863	8.1535
22.0000	0.0000	1.5559	0.0656	0.0421	0.0003	0.0002	12.5030	8.0358
22.5000	0.0000	1.5562	0.0639	0.0410	0.0006	0.0004	12.3958	7.9656
23.0000	0.0000	1.5566	0.0617	0.0396	0.0006	0.0004	12.2723	7.8842
23.5000	0.0000	1.5565	0.0637	0.0409	0.0004	0.0003	12.1970	7.8361
24.0000	0.0000	1.5567	0.0644	0.0414	0.0000	0.0000	12.2389	7.8621
24.5000	0.0000	1.5568	0.0592	0.0380	0.0004	0.0002	12.1409	7.7987
25.0000	0.0000	1.5571	0.0724	0.0465	0.0073	0.0047	11.9900	7.7002
25.5000	0.0000	1.5568	0.0537	0.0345	0.0134	0.0086	11.8912	7.6380
26.0000	0.0000	1.5564	0.0445	0.0286	0.0017	0.0011	11.8548	7.6168
26.5000	0.0000	1.5572	0.0639	0.0411	0.0003	0.0002	11.6975	7.5118
27.0000	0.0000	1.5562	0.0650	0.0417	0.0110	0.0070	11.6624	7.4940
27.5000	0.0000	1.5558	0.0563	0.0362	0.0017	0.0011	11.6324	7.4767
28.0000	0.0000	1.5557	0.0543	0.0349	0.0019	0.0012	11.5107	7.3992
28.5000	0.0000	1.5573	0.0648	0.0416	0.0010	0.0006	11.4548	7.3557
29.0000	0.0000	1.5568	0.0472	0.0303	0.0005	0.0003	11.3797	7.3098
29.5000	0.0000	1.5569	0.0683	0.0439	0.0221	0.0142	11.3844	7.3122
30.0000	0.0000	1.5566	0.0632	0.0406	0.0262	0.0168	11.2981	7.2581
30.5000	0.0000	1.5560	0.0782	0.0502	0.0009	0.0006	11.2542	7.2326
31.0000	0.0000	1.5565	0.0891	0.0573	0.0012	0.0008	11.2677	7.2390
31.5000	0.0000	1.5568	0.0967	0.0621	0.0005	0.0003	11.2450	7.2233
32.0000	0.0000	1.5566	0.1469	0.0944	0.0010	0.0007	11.1511	7.1637
32.5000	0.0000	1.5569	0.2239	0.1438	0.0075	0.0048	11.2086	7.1992
33.0000	0.0000	1.5567	0.2648	0.1701	0.0075	0.0048	11.2059	7.1983
33.5000	0.0000	1.5565	0.3465	0.2226	0.0010	0.0006	11.3049	7.2631
34.0000	0.0000	1.5566	0.4087	0.2626	0.0003	0.0002	11.2379	7.2197
34.5000	0.0000	1.5568	0.4606	0.2959	0.0027	0.0017	11.2740	7.2420
35.0000	0.0000	1.5570	0.4757	0.3055	0.0003	0.0002	11.1072	7.1339
35.5000	0.0000	1.5564	0.5141	0.3303	0.0076	0.0049	11.2435	7.2242
36.0000	0.0000	1.5561	0.4717	0.3031	0.0005	0.0003	11.1276	7.1509
36.5000	0.0000	1.5560	0.4293	0.2759	0.0015	0.0010	10.9411	7.0315
37.0000	0.0000	1.5567	0.3984	0.2559	0.0005	0.0003	10.9256	7.0186
37.5000	0.0000	1.5567	0.3466	0.2227	0.0092	0.0059	10.6730	6.8562
38.0000	0.0000	1.5566	0.2938	0.1888	0.0081	0.0052	10.5389	6.7703
38.5000	0.0000	1.5569	0.2474	0.1589	0.0008	0.0005	10.2250	6.5675
39.0000	0.0000	1.5567	0.2155	0.1385	0.0007	0.0004	10.1847	6.5427
39.5000	0.0000	1.5564	0.1506	0.0967	0.0006	0.0004	10.0623	6.4652
40.0000	0.0000	1.5562	0.1417	0.0910	0.0007	0.0005	9.8735	6.3448
40.5000	0.0000	1.5564	0.1228	0.0789	0.0005	0.0003	9.8243	6.3123
41.0000	0.0000	1.5569	0.1016	0.0653	0.0010	0.0006	9.7274	6.2478
41.5000	0.0000	1.5565	0.0808	0.0519	0.0006	0.0004	9.5843	6.1577
42.0000	0.0000	1.5567	0.0712	0.0457	0.0003	0.0002	9.4542	6.0733
42.5000	0.0000	1.5565	0.0937	0.0602	0.0082	0.0053	9.4722	6.0857
43.0000	0.0000	1.5570	0.0549	0.0352	0.0005	0.0003	9.2308	5.9285
43.5000	0.0000	1.5566	0.0370	0.0238	0.0056	0.0036	9.1866	5.9016
44.0000	0.0000	1.5568	0.0522	0.0335	0.0015	0.0010	8.9906	5.7749
44.5000	0.0000	1.5568	0.0491	0.0315	0.0007	0.0005	8.9786	5.7672
45.0000	0.0000	1.5571	0.0557	0.0357	0.0084	0.0054	8.7950	5.6483
45.5000	0.0000	1.5566	0.0539	0.0346	0.0012	0.0008	8.8372	5.6773
46.0000	0.0000	1.5563	0.0396	0.0254	0.0013	0.0009	8.7590	5.6281
46.5000	0.0000	1.5571	0.0572	0.0367	0.0099	0.0064	8.6956	5.5846
47.0000	0.0000	1.5578	0.0540	0.0347	0.0005	0.0003	8.5955	5.5177
47.5000	0.0000	1.5568	0.0604	0.0388	0.0119	0.0077	8.5734	5.5072
48.0000	0.0000	1.5564	0.0493	0.0317	0.0067	0.0043	8.5010	5.4619
48.5000	0.0000	1.5567	0.0434	0.0279	0.0008	0.0005	8.3617	5.3713
49.0000	0.0000	1.5568	0.0394	0.0253	0.0010	0.0006	8.3824	5.3842
49.5000	0.0000	1.5572	0.0331	0.0213	0.0082	0.0052	8.2918	5.3250
50.0000	0.0000	1.5568	0.0420	0.0269	0.0005	0.0004	8.2185	5.2791
50.5000	0.0000	1.5561	0.0394	0.0253	0.0005	0.0003	8.1620	5.2452
51.0000	0.0000	1.5572	0.0390	0.0250	0.0168	0.0108	8.2058	5.2695
51.5000	0.0000	1.5568	0.0429	0.0276	0.0014	0.0009	8.0913	5.1972
52.0000	0.0000	1.5564	0.0474	0.0304	0.0056	0.0036	7.9486	5.1071
52.5000	0.0000	1.5564	0.0532	0.0342	0.0009	0.0006	8.0665	5.1828
53.0000	0.0000	1.5568	0.0323	0.0207	0.0090	0.0058	7.8680	5.0541
53.5000	0.0000	1.5569	0.0421	0.0270	0.0014	0.0009	7.7365	4.9692
54.0000	0.0000	1.5566	0.0417	0.0268	0.0127	0.0081	7.7173	4.9578
54.5000	0.0000	1.5567	0.0365	0.0235	0.0008	0.0005	7.6380	4.9066
55.0000	0.0000	1.5575	0.0423	0.0272	0.0012	0.0008	7.4995	4.8150
55.5000	0.0000	1.5567	0.0356	0.0228	0.0010	0.0006	7.5377	4.8421
56.0000	0.0000	1.5567	0.0441	0.0283	0.0113	0.0072	7.4134	4.7624
56.5000	0.0000	1.5559	0.0407	0.0262	0.0015	0.0010	7.3481	4.7228
57.0000	0.0000	1.5560	0.0318	0.0204	0.0005	0.0003	7.3030	4.6933
57.5000	0.0000	1.5567	0.0255	0.0164	0.0019	0.0012	7.2423	4.6524
58.0000	0.0000	1.5567	0.0382	0.0245	0.0006	0.0004	7.2889	4.6821
58.5000	0.0000	1.5564	0.0280	0.0180	0.0087	0.0056	7.1282	4.5799
59.0000	0.0000	1.5583	0.0315	0.0202	0.0007	0.0005	7.1395	4.5816
59.5000	0.0000	1.5557	0.0414	0.0266	0.0152	0.0098	7.0165	4.5103
60.0000	0.0000	1.5566	0.0339	0.0218	0.0011	0.0007	6.9898	4.4905
60.5000	0.0000	1.5566	0.0410	0.0263	0.0009	0.0006	6.9548	4.4679
61.0000	0.0000	1.5571	0.0377	0.0242	0.0009	0.0006	6.8212	4.3808
61.5000	0.0000	1.5562	0.0280	0.0180	0.0004	0.0002	6.8951	4.4309
62.0000	0.0000	1.5559	0.0305	0.0196	0.0013	0.0008	6.6465	4.2718
62.5000	0.0000	1.5559	0.0369	0.0237	0.0008	0.0005	6.6753	4.2905
63.0000	0.0000	1.5565	0.0362	0.0233	0.0005	0.0003	6.5528	4.2099
63.5000	0.0000	1.5563	0.0379	0.0244	0.0005	0.0003	6.5297	4.1958
64.0000	0.0000	1.5569	0.0390	0.0251	0.0058	0.0037	6.5588	4.2129
64.5000	0.0000	1.5573	0.0344	0.0221	0.0120	0.0077	6.4101	4.1161
65.0000	0.0000	1.5572	0.0316	0.0203	0.0002	0.0001	6.2870	4.0373
65.5000	0.0000	1.5573	0.0306	0.0197	0.0171	0.0110	6.3540	4.0802
66.0000	0.0000	1.5567	0.0264	0.0170	0.0003	0.0002	6.3091	4.0528
66.5000	0.0000	1.5567	0.0248	0.0159	0.0007	0.0004	6.3172	4.0581
67.0000	0.0000	1.5563	0.0271	0.0174	0.0066	0.0042	6.1585	3.9570
67.5000	0.0000	1.5568	0.0320	0.0206	0.0006	0.0004	6.1883	3.9751
68.0000	0.0000	1.5567	0.0237	0.0152	0.0253	0.0162	6.0962	3.9160
68.5000	0.0000	1.5561	0.0421	0.0270	0.0004	0.0003	6.1276	3.9377
69.0000	0.0000	1.5557	0.0346	0.0223	0.0005	0.0003	6.0520	3.8902
69.5000	0.0000	1.5564	0.0271	0.0174	0.0121	0.0078	5.9919	3.8498
70.0000	0.0000	1.5568	0.0258	0.0165	0.0278	0.0178	6.0007	3.8544
70.5000	0.0000	1.5572	0.0190	0.0122	0.0007	0.0004	5.9293	3.8078
71.0000	0.0000	1.5573	0.0340	0.0218	0.0005	0.0003	5.8653	3.7663
71.5000	0.0000	1.5563	0.0304	0.0195	0.0005	0.0004	5.7942	3.7229
72.0000	0.0000	1.5557	0.0463	0.0297	0.0002	0.0001	5.8587	3.7659
72.5000	0.0000	1.5567	0.0238	0.0153	0.0001	0.0001	5.7026	3.6634
73.0000	0.0000	1.5567	0.0364	0.0234	0.0057	0.0036	5.6459	3.6270
73.5000	0.0000	1.5564	0.0149	0.0096	0.0007	0.0004	5.4331	3.4908
74.0000	0.0000	1.5569	0.0319	0.0205	0.0078	0.0050	5.6761	3.6459
74.5000	0.0000	1.5567	0.0297	0.0191	0.0040	0.0026	5.5725	3.5798
75.0000	0.0000	1.5574	0.0333	0.0214	0.0000	0.0000	5.5426	3.5589
0.0000	-75.0000	1.5562	0.0298	0.0192	0.0104	0.0067	6.3816	4.1007
0.0000	-74.5000	1.5568	0.0180	0.0115	0.0017	0.0011	6.5316	4.1955
0.0000	-74.0000	1.5567	0.0375	0.0241	0.0002	0.0002	6.5757	4.2242
0.0000	-73.5000	1.5567	0.0451	0.0290	0.0197	0.0127	6.5385	4.2001
0.0000	-73.0000	1.5571	0.0327	0.0210	0.0003	0.0002	6.6557	4.2744
0.0000	-72.5000	1.5561	0.0288	0.0185	0.0005	0.0003	6.6477	4.2721
0.0000	-72.0000	1.5565	0.0252	0.0162	0.0011	0.0007	6.6877	4.2965
0.0000	-71.5000	1.5565	0.0346	0.0222	0.0002	0.0001	6.7243	4.3202
0.0000	-71.0000	1.5567	0.0366	0.0235	0.0007	0.0005	6.8353	4.3908
0.0000	-70.5000	1.5562	0.0388	0.0249	0.0068	0.0044	6.9480	4.4647
0.0000	-70.0000	1.5565	0.0464	0.0298	0.0009	0.0006	6.8485	4.3998
0.0000	-69.5000	1.5569	0.0468	0.0301	0.0008	0.0005	6.9242	4.4475
0.0000	-69.0000	1.5569	0.0429	0.0275	0.0013	0.0008	7.1038	4.5629
0.0000	-68.5000	1.5568	0.0447	0.0287	0.0005	0.0003	7.1145	4.5701
0.0000	-68.0000	1.5570	0.0669	0.0430	0.0130	0.0083	7.1764	4.6091
0.0000	-67.5000	1.5568	0.0579	0.0372	0.0012	0.0008	7.1305	4.5802
0.0000	-67.0000	1.5565	0.0595	0.0382	0.0010	0.0006	7.3104	4.6966
0.0000	-66.5000	1.4153	0.0564	0.0399	0.0000	0.0000	6.5152	4.6033
0.0000	-66.0000	1.5535	0.0437	0.0281	0.0274	0.0176	7.3449	4.7280
0.0000	-65.5000	1.5566	0.0522	0.0335	0.0005	0.0003	7.3916	4.7486
0.0000	-65.0000	1.5575	0.0510	0.0327	0.0010	0.0006	7.4873	4.8071
0.0000	-64.5000	1.5570	0.0523	0.0336	0.0002	0.0001	7.5959	4.8787
0.0000	-64.0000	1.5570	0.0554	0.0356	0.0000	0.0000	7.5417	4.8437
0.0000	-63.5000	1.5578	0.0611	0.0392	0.0012	0.0008	7.7008	4.9434
0.0000	-63.0000	1.5566	0.0479	0.0308	0.0143	0.0092	7.6948	4.9434
0.0000	-62.5000	1.5556	0.0516	0.0332	0.0009	0.0006	7.6814	4.9380
0.0000	-62.0000	1.5569	0.0368	0.0237	0.0081	0.0052	7.7561	4.9819
0.0000	-61.5000	1.5566	0.0442	0.0284	0.0202	0.0130	7.8088	5.0165
0.0000	-61.0000	1.5563	0.0460	0.0296	0.0071	0.0046	7.8368	5.0354
0.0000	-60.5000	1.5571	0.0583	0.0375	0.0007	0.0004	8.0646	5.1793
0.0000	-60.0000	1.5564	0.0540	0.0347	0.0064	0.0041	8.0265	5.1572
0.0000	-59.5000	1.5566	0.0485	0.0312	0.0002	0.0001	8.0149	5.1490
0.0000	-59.0000	1.5568	0.0482	0.0310	0.0117	0.0075	8.0295	5.1578
0.0000	-58.5000	1.5560	0.0366	0.0235	0.0010	0.0006	8.1201	5.2184
0.0000	-58.0000	1.5562	0.0386	0.0248	0.0091	0.0058	8.1438	5.2332
0.0000	-57.5000	1.5568	0.0378	0.0243	0.0003	0.0002	8.1978	5.2658
0.0000	-57.0000	1.5565	0.0507	0.0325	0.0009	0.0006	8.2664	5.3110
0.0000	-56.5000	1.5566	0.0455	0.0292	0.0053	0.0034	8.4343	5.4184
0.0000	-56.0000	1.5563	0.0556	0.0357	0.0028	0.0018	8.4862	5.4528
0.0000	-55.5000	1.5566	0.0459	0.0295	0.0005	0.0003	8.5330	5.4819
0.0000	-55.0000	1.5559	0.0331	0.0213	0.0012	0.0008	8.5578	5.5002
0.0000	-54.5000	1.5569	0.0510	0.0327	0.0016	0.0010	8.6734	5.5710
0.0000	-54.0000	1.5562	0.0422	0.0271	0.0012	0.0008	8.6198	5.5392
0.0000	-53.5000	1.5569	0.0449	0.0288	0.0442	0.0284	8.6976	5.5866
0.0000	-53.0000	1.5565	0.0363	0.0234	0.0008	0.0005	8.7880	5.6459
0.0000	-52.5000	1.5571	0.0450	0.0289	0.0000	0.0000	8.8461	5.6812
0.0000	-52.0000	1.5567	0.0512	0.0329	0.0008	0.0005	8.8543	5.6877
0.0000	-51.5000	1.5567	0.0463	0.0298	0.0116	0.0075	8.9431	5.7449
0.0000	-51.0000	1.5571	0.0458	0.0294	0.0012	0.0008	9.0208	5.7933
0.0000	-50.5000	1.5565	0.0514	0.0330	0.0161	0.0103	9.0371	5.8059
0.0000	-50.0000	1.5562	0.0445	0.0286	0.0011	0.0007	9.1615	5.8873
0.0000	-49.5000	1.5568	0.0565	0.0363	0.0125	0.0080	9.2530	5.9437
0.0000	-49.0000	1.5569	0.0449	0.0288	0.0084	0.0054	9.3639	6.0146
0.0000	-48.5000	1.5571	0.0528	0.0339	0.0007	0.0004	9.5021	6.1025
0.0000	-48.0000	1.5562	0.0403	0.0259	0.0011	0.0007	9.4563	6.0764
0.0000	-47.5000	1.5565	0.0514	0.0330	0.0009	0.0006	9.4931	6.0991
0.0000	-47.0000	1.5570	0.0599	0.0385	0.0019	0.0012	9.5470	6.1317
0.0000	-46.5000	1.5564	0.0566	0.0364	0.0008	0.0005	9.6902	6.2262
0.0000	-46.0000	1.5559	0.0436	0.0280	0.0006	0.0004	9.7521	6.2678
0.0000	-45.5000	1.5561	0.0651	0.0418	0.0000	0.0000	9.8404	6.3238
0.0000	-45.0000	1.5563	0.0668	0.0429	0.0102	0.0066	9.8030	6.2988
0.0000	-44.5000	1.5559	0.0758	0.0487	0.0017	0.0011	9.9397	6.3885
0.0000	-44.0000	1.5562	0.0905	0.0582	0.0000	0.0000	10.1781	6.5404
0.0000	-43.5000	1.5564	0.0992	0.0637	0.0119	0.0076	10.1730	6.5362
0.0000	-43.0000	1.5568	0.1223	0.0786	0.0011	0.0007	10.2480	6.5826
0.0000	-42.5000	1.5568	0.1385	0.0890	0.0013	0.0008	10.3870	6.6721
0.0000	-42.0000	1.5566	0.1857	0.1193	0.0005	0.0003	10.6273	6.8274
0.0000	-41.5000	1.5566	0.2252	0.1447	0.0003	0.0002	10.5421	6.7725
0.0000	-41.0000	1.5562	0.2686	0.1726	0.0000	0.0000	10.8788	6.9907
0.0000	-40.5000	1.5572	0.2957	0.1899	0.0005	0.0003	11.0415	7.0906
0.0000	-40.0000	1.5569	0.3149	0.2023	0.0063	0.0040	11.0949	7.1263
0.0000	-39.5000	1.5574	0.3107	0.1995	0.0120	0.0077	11.1577	7.1644
0.0000	-39.0000	1.5566	0.3040	0.1953	0.0039	0.0025	11.1157	7.1409
0.0000	-38.5000	1.5572	0.2703	0.1736	0.0341	0.0219	11.2329	7.2137
0.0000	-38.0000	1.5566	0.2606	0.1674	0.0015	0.0010	11.1188	7.1432
0.0000	-37.5000	1.5573	0.2101	0.1349	0.0013	0.0008	11.1962	7.1897
0.0000	-37.0000	1.5570	0.1685	0.1082	0.0002	0.0001	11.1710	7.1748
0.0000	-36.5000	1.5563	0.1402	0.0901	0.0007	0.0005	11.1317	7.1528
0.0000	-36.0000	1.5573	0.1087	0.0698	0.0440	0.0283	11.1235	7.1426
0.0000	-35.5000	1.5567	0.0895	0.0575	0.0002	0.0001	11.1860	7.1856
0.0000	-35.0000	1.5565	0.0796	0.0511	0.0010	0.0006	11.1642	7.1728
0.0000	-34.5000	1.5573	0.0701	0.0450	0.0043	0.0028	11.3858	7.3113
0.0000	-34.0000	1.5564	0.0579	0.0372	0.0118	0.0076	11.2985	7.2592
0.0000	-33.5000	1.5570	0.0621	0.0399	0.0014	0.0009	11.4408	7.3479
0.0000	-33.0000	1.5571	0.0705	0.0453	0.0033	0.0021	11.4244	7.3368
0.0000	-32.5000	1.5563	0.0636	0.0409	0.0166	0.0107	11.4432	7.3529
0.0000	-32.0000	1.5573	0.0672	0.0431	0.0009	0.0006	11.5176	7.3957
0.0000	-31.5000	1.5580	0.0626	0.0402	0.0018	0.0012	11.6788	7.4962
0.0000	-31.0000	1.5560	0.0493	0.0317	0.0002	0.0001	11.7138	7.5280
0.0000	-30.5000	1.5571	0.0592	0.0380	0.0097	0.0062	11.6995	7.5134
0.0000	-30.0000	1.5564	0.0577	0.0371	0.0015	0.0010	11.8227	7.5964
0.0000	-29.5000	1.5566	0.0536	0.0344	0.0168	0.0108	11.8541	7.6155
0.0000	-29.0000	1.5567	0.0674	0.0433	0.0007	0.0004	12.0930	7.7685
0.0000	-28.5000	1.5570	0.0541	0.0347	0.0006	0.0004	12.0532	7.7413
0.0000	-28.0000	1.5567	0.0626	0.0402	0.0005	0.0003	12.0235	7.7237
0.0000	-27.5000	1.5574	0.0590	0.0379	0.0008	0.0005	12.0644	7.7463
0.0000	-27.0000	1.5572	0.0682	0.0438	0.0012	0.0007	12.2508	7.8671
0.0000	-26.5000	1.5566	0.0580	0.0373	0.0008	0.0005	12.3263	7.9188
0.0000	-26.0000	1.5566	0.0583	0.0374	0.0057	0.0037	12.4742	8.0135
0.0000	-25.5000	1.5568	0.0680	0.0437	0.0007	0.0004	12.3571	7.9377
0.0000	-25.0000	1.5570	0.0625	0.0402	0.0016	0.0010	12.6246	8.1083
0.0000	-24.5000	1.5569	0.0668	0.0429	0.0000	0.0000	12.7774	8.2072
0.0000	-24.0000	1.5570	0.0650	0.0417	0.0085	0.0055	12.6750	8.1405
0.0000	-23.5000	1.5567	0.0662	0.0425	0.0089	0.0057	12.7745	8.2059
0.0000	-23.0000	1.5572	0.0596	0.0382	0.0117	0.0075	12.6668	8.1343
0.0000	-22.5000	1.5574	0.0713	0.0458	0.0424	0.0272	12.9653	8.3251
0.0000	-22.0000	1.5568	0.0710	0.0456	0.0161	0.0104	12.9871	8.3423
0.0000	-21.5000	1.5572	0.0746	0.0479	0.0091	0.0059	13.0432	8.3760
0.0000	-21.0000	1.5570	0.0825	0.0530	0.0102	0.0065	13.1698	8.4585
0.0000	-20.5000	1.5570	0.0838	0.0538	0.0006	0.0004	13.2720	8.5240
0.0000	-20.0000	1.5568	0.0966	0.0621	0.0007	0.0004	13.2399	8.5044
0.0000	-19.5000	1.5566	0.1155	0.0742	0.0048	0.0031	13.5465	8.7024
0.0000	-19.0000	1.5566	0.1408	0.0905	0.0000	0.0000	13.5172	8.6840
0.0000	-18.5000	1.5569	0.1956	0.1256	0.0010	0.0006	13.8733	8.9106
0.0000	-18.0000	1.5568	0.2821	0.1812	0.0000	0.0000	13.9879	8.9852
0.0000	-17.5000	1.5571	0.3904	0.2508	0.0014	0.0009	14.4160	9.2586
0.0000	-17.0000	1.5568	0.5295	0.3401	0.0007	0.0004	14.6750	9.4264
0.0000	-16.5000	1.5570	0.7123	0.4574	0.0016	0.0011	15.1538	9.7326
0.0000	-16.0000	1.5559	0.9815	0.6308	0.0000	0.0000	15.7252	10.1066
0.0000	-15.5000	1.5573	1.2438	0.7987	0.0012	0.0008	16.2525	10.4361
0.0000	-15.0000	1.5569	1.5364	0.9869	0.0008	0.0005	16.8972	10.8534
0.0000	-14.5000	1.5566	1.7815	1.1445	0.0003	0.0002	17.3342	11.1360
0.0000	-14.0000	1.5566	1.8999	1.2206	0.0006	0.0004	17.7463	11.4006
0.0000	-13.5000	1.5566	2.0785	1.3353	0.0005	0.0003	17.8832	11.4886
0.0000	-13.0000	1.5565	2.0727	1.3316	0.0006	0.0004	17.9722	11.5463
0.0000	-12.5000	1.5562	1.9646	1.2625	0.0002	0.0001	17.9643	11.5438
0.0000	-12.0000	1.5567	1.7107	1.0989	0.0237	0.0152	17.4468	11.2075
0.0000	-11.5000	1.5572	1.4765	0.9482	0.0104	0.0067	16.9597	10.8914
0.0000	-11.0000	1.5566	1.1864	0.7621	0.0017	0.0011	16.7660	10.7709
0.0000	-10.5000	1.5569	0.8453	0.5429	0.0004	0.0002	16.1263	10.3577
0.0000	-10.0000	1.5567	0.6339	0.4072	0.0007	0.0005	15.7324	10.1061
0.0000	-9.5000	1.5568	0.4559	0.2928	0.0056	0.0036	15.4351	9.9148
0.0000	-9.0000	1.5571	0.2895	0.1859	0.0010	0.0006	15.0988	9.6966
0.0000	-8.5000	1.5571	0.2035	0.1307	0.0009	0.0006	14.8116	9.5126
0.0000	-8.0000	1.5572	0.1434	0.0921	0.0002	0.0001	14.8580	9.5414
0.0000	-7.5000	1.5566	0.1196	0.0769	0.0105	0.0067	14.6672	9.4229
0.0000	-7.0000	1.5571	0.0988	0.0634	0.0008	0.0005	14.6575	9.4136
0.0000	-6.5000	1.5559	0.1010	0.0649	0.0012	0.0008	14.7802	9.4996
0.0000	-6.0000	1.5569	0.0958	0.0615	0.0070	0.0045	14.7246	9.4579
0.0000	-5.5000	1.5565	0.0835	0.0536	0.0005	0.0003	14.6752	9.4281
0.0000	-5.0000	1.5564	0.0799	0.0513	0.0095	0.0061	14.7472	9.4750
0.0000	-4.5000	1.5565	0.0831	0.0534	0.0003	0.0002	14.7763	9.4935
0.0000	-4.0000	1.5566	0.0824	0.0529	0.0003	0.0002	14.8291	9.5264
0.0000	-3.5000	1.5572	0.0726	0.0466	0.0146	0.0094	14.7661	9.4823
0.0000	-3.0000	1.5564	0.0875	0.0562	0.1322	0.0850	14.7256	9.4616
0.0000	-2.5000	1.5567	0.0844	0.0542	0.0076	0.0049	14.8436	9.5351
0.0000	-2.0000	1.5576	0.0765	0.0491	0.0020	0.0013	14.8288	9.5201
0.0000	-1.5000	1.5573	0.0799	0.0513	0.0004	0.0003	14.8220	9.5180
0.0000	-1.0000	1.5569	0.0835	0.0537	0.0000	0.0000	14.9389	9.5952
0.0000	-0.5000	1.5563	0.0793	0.0510	0.0000	0.0000	14.9166	9.5845
0.0000	0.0000	1.5571	0.0838	0.0538	0.0000	0.0000	15.0892	9.6907
0.0000	0.5000	1.5574	0.0873	0.0560	0.0011	0.0007	14.9005	9.5675
0.0000	1.0000	1.5557	0.0987	0.0634	0.0076	0.0049	14.8088	9.5192
0.0000	1.5000	1.5562	0.0716	0.0460	0.0014	0.0009	14.9739	9.6219
0.0000	2.0000	1.5569	0.0925	0.0594	0.0002	0.0001	14.9385	9.5952
0.0000	2.5000	1.5569	0.0876	0.0563	0.0000	0.0000	14.9631	9.6111
0.0000	3.0000	1.5567	0.0873	0.0561	0.0004	0.0002	14.9748	9.6196
0.0000	3.5000	1.5568	0.0895	0.0575	0.0004	0.0003	15.1195	9.7118
0.0000	4.0000	1.5571	0.0758	0.0487	0.0064	0.0041	14.8709	9.5506
0.0000	4.5000	1.5573	0.1057	0.0679	0.0005	0.0003	15.1487	9.7278
0.0000	5.0000	1.5569	0.1012	0.0650	0.0002	0.0001	15.2263	9.7798
0.0000	5.5000	1.5575	0.1111	0.0713	0.0008	0.0005	15.2646	9.8008
0.0000	6.0000	1.5574	0.1492	0.0958	0.0004	0.0003	15.1993	9.7592
0.0000	6.5000	1.5571	0.1553	0.0998	0.0015	0.0009	15.2686	9.8059
0.0000	7.0000	1.5569	0.2097	0.1347	0.0002	0.0001	15.5380	9.9804
0.0000	7.5000	1.5573	0.2910	0.1868	0.0124	0.0080	15.5966	10.0154
0.0000	8.0000	1.5565	0.3977	0.2555	0.0010	0.0007	15.9818	10.2681
0.0000	8.5000	1.5570	0.5848	0.3756	0.0005	0.0003	16.2948	10.4656
0.0000	9.0000	1.5572	0.8484	0.5448	0.0160	0.0103	16.9034	10.8551
0.0000	9.5000	1.5565	1.1547	0.7419	0.0104	0.0067	17.2483	11.0818
0.0000	10.0000	1.5571	1.5638	1.0043	0.0000	0.0000	18.1167	11.6347
0.0000	10.5000	1.5571	1.9269	1.2375	0.0183	0.0117	18.7595	12.0478
0.0000	11.0000	1.5566	2.2448	1.4421	0.0014	0.0009	19.2610	12.3737
0.0000	11.5000	1.5562	2.5152	1.6163	0.0005	0.0003	19.8497	12.7553
0.0000	12.0000	1.5572	2.6126	1.6777	0.0009	0.0006	19.8639	12.7562
0.0000	12.5000	1.5572	2.6005	1.6700	0.0022	0.0014	19.7800	12.7023
0.0000	13.0000	1.5571	2.4610	1.5805	0.0012	0.0008	19.5884	12.5799
0.0000	13.5000	1.5568	2.2271	1.4305	0.0002	0.0001	19.1746	12.3165
0.0000	14.0000	1.5573	1.8728	1.2026	0.0039	0.0025	18.4812	11.8676
0.0000	14.5000	1.5570	1.5410	0.9897	0.0000	0.0000	17.6973	11.3660
0.0000	15.0000	1.5558	1.2278	0.7892	0.0012	0.0008	17.2416	11.0823
0.0000	15.5000	1.5572	0.8933	0.5737	0.0009	0.0006	16.6708	10.7059
0.0000	16.0000	1.5570	0.6507	0.4179	0.0186	0.0120	15.9499	10.2442
0.0000	16.5000	1.5572	0.4656	0.2990	0.0005	0.0003	15.6487	10.0493
0.0000	17.0000	1.5568	0.3132	0.2012	0.0000	0.0000	15.2468	9.7934
0.0000	17.5000	1.5572	0.2339	0.1502	0.0004	0.0003	14.9172	9.5797
0.0000	18.0000	1.5571	0.1867	0.1199	0.0102	0.0066	14.7957	9.5020
0.0000	18.5000	1.5559	0.1425	0.0916	0.0004	0.0003	14.6083	9.3892
0.0000	19.0000	1.5566	0.1036	0.0665	0.0003	0.0002	14.4221	9.2649
0.0000	19.5000	1.5573	0.1089	0.0699	0.0016	0.0010	14.4434	9.2744
0.0000	20.0000	1.5569	0.0866	0.0556	0.0007	0.0004	14.3450	9.2138
0.0000	20.5000	1.5571	0.0810	0.0521	0.0162	0.0104	14.1989	9.1191
0.0000	21.0000	1.5567	0.0851	0.0547	0.0016	0.0010	14.1738	9.1049
0.0000	21.5000	1.5564	0.0855	0.0549	0.0002	0.0001	13.9914	8.9893
0.0000	22.0000	1.5568	0.0736	0.0473	0.0108	0.0069	13.9852	8.9834
0.0000	22.5000	1.5567	0.0744	0.0478	0.0009	0.0006	13.8351	8.8877
0.0000	23.0000	1.5569	0.0813	0.0522	0.0002	0.0001	13.7387	8.8246
0.0000	23.5000	1.5574	0.0731	0.0469	0.0025	0.0016	13.8045	8.8638
0.0000	24.0000	1.5574	0.0701	0.0450	0.0164	0.0105	13.6850	8.7870
0.0000	24.5000	1.5569	0.0680	0.0437	0.0063	0.0040	13.4809	8.6587
0.0000	25.0000	1.5575	0.0754	0.0484	0.0007	0.0005	13.3035	8.5416
0.0000	25.5000	1.5564	0.0710	0.0456	0.0007	0.0005	13.5773	8.7237
0.0000	26.0000	1.5562	0.0737	0.0474	0.0198	0.0127	13.3363	8.5697
0.0000	26.5000	1.5571	0.0732	0.0470	0.0003	0.0002	13.3613	8.5809
0.0000	27.0000	1.5568	0.0769	0.0494	0.0003	0.0002	13.3171	8.5540
0.0000	27.5000	1.5569	0.0736	0.0473	0.0010	0.0007	13.3055	8.5463
0.0000	28.0000	1.5566	0.0646	0.0415	0.0004	0.0003	13.1101	8.4221
0.0000	28.5000	1.5564	0.0777	0.0499	0.0003	0.0002	13.1024	8.4185
0.0000	29.0000	1.5574	0.0759	0.0488	0.0007	0.0005	13.0173	8.3584
0.0000	29.5000	1.5576	0.0780	0.0501	0.0005	0.0004	12.9091	8.2881
0.0000	30.0000	1.5569	0.0687	0.0441	0.0007	0.0004	12.8782	8.2719
0.0000	30.5000	1.5561	0.0680	0.0437	0.0010	0.0007	12.8396	8.2510
0.0000	31.0000	1.5571	0.0855	0.0549	0.0016	0.0011	12.6395	8.1174
0.0000	31.5000	1.5571	0.0744	0.0478	0.0010	0.0006	12.7110	8.1633
0.0000	32.0000	1.5574	0.0862	0.0554	0.0002	0.0001	12.8112	8.2258
0.0000	32.5000	1.5572	0.0782	0.0502	0.0008	0.0005	12.7086	8.1611
0.0000	33.0000	1.5579	0.1102	0.0707	0.0010	0.0006	12.6292	8.1063
0.0000	33.5000	1.5572	0.1202	0.0772	0.0013	0.0008	12.7673	8.1989
0.0000	34.0000	1.5564	0.1491	0.0958	0.0012	0.0008	12.6911	8.1540
0.0000	34.5000	1.5564	0.2084	0.1339	0.0009	0.0006	12.7174	8.1711
0.0000	35.0000	1.5566	0.2740	0.1761	0.0006	0.0004	12.8351	8.2457
0.0000	35.5000	1.5567	0.3665	0.2354	0.0002	0.0001	12.9293	8.3054
0.0000	36.0000	1.5572	0.5022	0.3225	0.0003	0.0002	13.1053	8.4157
0.0000	36.5000	1.5571	0.5990	0.3847	0.0013	0.0008	13.1539	8.4478
0.0000	37.0000	1.5571	0.6697	0.4301	0.0009	0.0005	13.2554	8.5129
0.0000	37.5000	1.5572	0.7472	0.4799	0.0012	0.0008	13.4435	8.6334
0.0000	38.0000	1.5563	0.6783	0.4358	0.0009	0.0006	13.0672	8.3962
0.0000	38.5000	1.5567	0.7280	0.4676	0.0000	0.0000	13.1770	8.4649
0.0000	39.0000	1.5573	0.5892	0.3783	0.0008	0.0005	12.8587	8.2569
0.0000	39.5000	1.5568	0.5232	0.3360	0.0015	0.0009	12.5490	8.0605
0.0000	40.0000	1.5565	0.4321	0.2776	0.0016	0.0011	12.3016	7.9034
0.0000	40.5000	1.5569	0.3478	0.2234	0.0003	0.0002	11.9584	7.6809
0.0000	41.0000	1.5571	0.2769	0.1778	0.0009	0.0006	11.9394	7.6679
0.0000	41.5000	1.5567	0.2172	0.1395	0.0071	0.0046	11.5968	7.4494
0.0000	42.0000	1.5566	0.1702	0.1093	0.0016	0.0011	11.4932	7.3834
0.0000	42.5000	1.5568	0.1210	0.0777	0.0000	0.0000	11.3499	7.2906
0.0000	43.0000	1.5569	0.0964	0.0619	0.0006	0.0004	11.2591	7.2318
0.0000	43.5000	1.5576	0.0939	0.0603	0.0006	0.0004	11.2216	7.2046
0.0000	44.0000	1.5568	0.0887	0.0570	0.0009	0.0006	11.1023	7.1317
0.0000	44.5000	1.5561	0.0687	0.0442	0.0005	0.0003	10.9914	7.0636
0.0000	45.0000	1.5566	0.0731	0.0469	0.0002	0.0001	10.7901	6.9319
0.0000	45.5000	1.5569	0.0558	0.0358	0.0005	0.0003	10.7886	6.9295
0.0000	46.0000	1.5574	0.0530	0.0340	0.0018	0.0011	10.4743	6.7254
0.0000	46.5000	1.5565	0.0660	0.0424	0.0009	0.0006	10.4739	6.7293
0.0000	47.0000	1.5564	0.0576	0.0370	0.0071	0.0046	10.4793	6.7330
0.0000	47.5000	1.5566	0.0657	0.0422	0.0006	0.0004	10.2978	6.6154
0.0000	48.0000	1.5574	0.0675	0.0433	0.0007	0.0005	10.2481	6.5802
0.0000	48.5000	1.5569	0.0588	0.0377	0.0114	0.0074	10.2424	6.5788
0.0000	49.0000	1.5573	0.0489	0.0314	0.0053	0.0034	10.1838	6.5394
0.0000	49.5000	1.5563	0.0720	0.0462	0.0009	0.0006	10.0253	6.4419
0.0000	50.0000	1.5564	0.0537	0.0345	0.0002	0.0001	9.9497	6.3927
0.0000	50.5000	1.5569	0.0636	0.0408	0.0007	0.0004	9.9250	6.3747
0.0000	51.0000	1.5557	0.0586	0.0377	0.0007	0.0005	9.8792	6.3504
0.0000	51.5000	1.5564	0.0675	0.0434	0.0000	0.0000	9.8387	6.3216
0.0000	52.0000	1.5565	0.0494	0.0318	0.0020	0.0013	9.8052	6.2994
0.0000	52.5000	1.5568	0.0538	0.0346	0.0010	0.0006	9.5008	6.1027
0.0000	53.0000	1.5567	0.0570	0.0366	0.0008	0.0005	9.5559	6.1385
0.0000	53.5000	1.5567	0.0504	0.0324	0.0003	0.0002	9.4087	6.0439
0.0000	54.0000	1.5569	0.0462	0.0297	0.0010	0.0006	9.3418	6.0004
0.0000	54.5000	1.5571	0.0557	0.0358	0.0100	0.0064	9.3386	5.9974
0.0000	55.0000	1.5575	0.0531	0.0341	0.0010	0.0006	9.1515	5.8756
0.0000	55.5000	1.5573	0.0478	0.0307	0.0005	0.0003	9.1857	5.8985
0.0000	56.0000	1.5570	0.0419	0.0269	0.0206	0.0132	9.0445	5.8089
0.0000	56.5000	1.5569	0.0515	0.0331	0.0003	0.0002	8.9904	5.7744
0.0000	57.0000	1.5571	0.0597	0.0383	0.0007	0.0005	8.8895	5.7089
0.0000	57.5000	1.5570	0.0366	0.0235	0.0004	0.0003	8.7844	5.6419
0.0000	58.0000	1.5565	0.0565	0.0363	0.0003	0.0002	8.7035	5.5919
0.0000	58.5000	1.5567	0.0371	0.0238	0.0002	0.0001	8.5657	5.5025
0.0000	59.0000	1.5567	0.0511	0.0328	0.0003	0.0002	8.5206	5.4736
0.0000	59.5000	1.5570	0.0551	0.0354	0.0088	0.0056	8.4965	5.4569
0.0000	60.0000	1.5571	0.0476	0.0306	0.0003	0.0002	8.5595	5.4970
0.0000	60.5000	1.5573	0.0549	0.0353	0.0009	0.0005	8.5147	5.4676
0.0000	61.0000	1.5567	0.0618	0.0397	0.0007	0.0004	8.3170	5.3426
0.0000	61.5000	1.5572	0.0567	0.0364	0.0082	0.0053	8.2106	5.2727
0.0000	62.0000	1.5570	0.0681	0.0437	0.0003	0.0002	8.3012	5.3314
0.0000	62.5000	1.5571	0.0703	0.0451	0.0008	0.0005	8.1706	5.2472
0.0000	63.0000	1.5567	0.0752	0.0483	0.0000	0.0000	8.0752	5.1875
0.0000	63.5000	1.5565	0.0837	0.0538	0.0005	0.0003	7.9702	5.1205
0.0000	64.0000	1.5569	0.0891	0.0572	0.0006	0.0004	7.9693	5.1188
0.0000	64.5000	1.5573	0.0908	0.0583	0.0010	0.0006	7.9894	5.1303
0.0000	65.0000	1.5593	0.0754	0.0484	0.0002	0.0002	7.7209	4.9514
0.0000	65.5000	1.5566	0.0770	0.0495	0.0003	0.0002	7.7149	4.9561
0.0000	66.0000	1.5566	0.0664	0.0427	0.0118	0.0076	7.5206	4.8315
0.0000	66.5000	1.5571	0.0641	0.0411	0.0000	0.0000	7.4668	4.7954
0.0000	67.0000	1.5569	0.0543	0.0349	0.0004	0.0003	7.4130	4.7613
0.0000	67.5000	1.5572	0.0598	0.0384	0.0024	0.0015	7.3849	4.7425
0.0000	68.0000	1.5569	0.0570	0.0366	0.0013	0.0009	7.2968	4.6868
0.0000	68.5000	1.5569	0.0423	0.0272	0.0006	0.0004	7.1777	4.6103
0.0000	69.0000	1.5575	0.0380	0.0244	0.0124	0.0080	7.0832	4.5478
0.0000	69.5000	1.5574	0.0570	0.0366	0.0008	0.0005	6.9862	4.4859
0.0000	70.0000	1.5569	0.0552	0.0355	0.0006	0.0004	6.9596	4.4702
0.0000	70.5000	1.5568	0.0349	0.0224	0.0007	0.0004	6.8765	4.4171
0.0000	71.0000	1.5565	0.0331	0.0213	0.0003	0.0002	6.8100	4.3753
0.0000	71.5000	1.5566	0.0445	0.0286	0.0008	0.0005	6.7302	4.3236
0.0000	72.0000	1.5567	0.0425	0.0273	0.0005	0.0003	6.5727	4.2223
0.0000	72.5000	1.5572	0.0340	0.0219	0.0007	0.0005	6.4886	4.1667
0.0000	73.0000	1.5575	0.0340	0.0218	0.0009	0.0006	6.4749	4.1573
0.0000	73.5000	1.5570	0.0416	0.0267	0.0002	0.0001	6.3884	4.1031
0.0000	74.0000	1.5577	0.0292	0.0188	0.0007	0.0005	6.4140	4.1177
0.0000	74.5000	1.5573	0.0446	0.0286	0.0002	0.0001	6.3188	4.0575
0.0000	75.0000	1.5568	0.0494	0.0317	0.0003	0.0002	6.2351	4.0051
