Xcoord	Ycoord	Beam	chan0	chan0 norm	chan2	chan2 norm	chan3	chan3 norm
-24.97	-24.97	1.9605	0.98	0.499872	0	0	0	0
-20.03	-24.99	1.9615	1.55	0.790212	0	0	0	0
-15.03	-25	1.9603	2.56	1.30592	0	0	0	0
-10.02	-25.01	1.9583	3.82	1.95067	0	0	0	0
-5.03	-25.01	1.9615	5.48	2.79378	0	0	0	0
-0.03	-25.01	1.9606	5.83	2.97358	0	0	0	0
4.97	-25.01	1.9599	6.16	3.14302	0	0	0	0
9.97	-25.01	1.96	6.05	3.08673	0	0	0	0
14.97	-25.01	1.7229	3.21	1.86314	0	0	0	0
19.96	-25.01	1.961	2.3	1.17287	0	0	0	0
24.97	-25.01	1.9603	1.3	0.663164	0	0	0	0
-24.97	-20	1.9634	1.04	0.529693	0	0	0	0
-20.03	-20	1.9605	2.4	1.22418	0	0	0	0
-15.03	-20.01	1.9606	5.71	2.91237	0	0	0	0
-10.03	-20.01	1.9622	10.79	5.49893	0	0	0	0
-5.03	-20.01	1.9614	18.51	9.43714	0	0	0	0
-0.03	-20.01	1.9596	22.22	11.339	0	0	0	0
4.97	-20.01	1.9611	25.09	12.7938	0	0	0	0
9.97	-20.01	1.9603	20.92	10.6718	0	0	0	0
14.97	-20.01	1.9616	12.85	6.55077	0	0	0	0
19.97	-20.01	1.9593	5.02	2.56214	0	0	0	0
24.97	-20.01	1.9608	2.29	1.16789	0	0	0	0
-24.97	-15	1.9601	1.73	0.882608	0	0	0	0
-20.03	-15	1.9606	5.33	2.71856	0	0	0	0
-15.03	-15.01	1.9611	18.25	9.306	0	0	0	0
-10.03	-15.01	1.9603	46.26	23.5984	0	0	0	0
-5.03	-15.01	1.9603	92.23	47.0489	0	0	0	0
-0.03	-15.01	1.9603	123.36	62.9291	0	0	0	0
4.97	-15.01	1.9595	122.07	62.2965	0	0	0	0
9.97	-15.01	1.9618	91.83	46.8091	0	0	0	0
14.97	-15.01	1.9595	49.12	25.0676	0	0	0	0
19.96	-15.01	1.9597	14.26	7.27662	0	0	0	0
24.97	-15.01	1.9603	3.38	1.72423	0	0	0	0
-24.97	-10	1.9608	2.61	1.33109	0	0	0	0
-20.03	-10.01	1.9614	12.57	6.40869	0	0	0	0
-15.02	-10.01	1.9598	58.02	29.6051	0	0	0	0
-10.02	-10.01	1.9615	177.44	90.4614	0	0	0	0
-5.03	-10.01	1.9609	351.88	179.448	0	0	0	0
-0.03	-10.01	1.9623	457.63	233.211	0	0	0	0
4.97	-10.01	1.8205	386.12	212.096	0	0	0	0
9.96	-10.01	1.9611	280.04	142.797	0	0	0	0
14.97	-10.01	1.9616	126.95	64.7176	0	0	0	0
19.97	-10.01	1.9606	31.02	15.8217	0	0	0	0
24.97	-10.01	1.9598	5.76	2.93908	0	0	0	0
-24.97	-5	1.9612	3.22	1.64185	0	0	0	0
-20.03	-5	1.9626	20.71	10.5523	0	0	0	0
-15.03	-5	1.9628	111.71	56.9136	0	0	0	0
-10.03	-5	1.9609	358.3	182.722	0	0	0	0
-5.03	-5	1.9615	734.03	374.219	0	0	0	0
-0.03	-5	1.9621	948.56	483.441	0	0	0	0
4.97	-5	1.9608	793.36	404.61	0	0	0	0
9.97	-5	1.9598	477.66	243.729	0	0	0	0
14.97	-5	1.9611	193.17	98.5008	0	0	0	0
19.97	-5	1.9609	46.78	23.8564	0	0	0	0
24.97	-5	1.96	7.36	3.7551	0	0	0	0
-24.97	0	1.9615	3.31	1.68748	0	0	0	0
-20.03	-0.01	1.9618	21.71	11.0664	0	0	0	0
-15.02	-0.01	1.9606	124.91	63.7101	0	0	0	0
-10.03	-0.01	1.9617	441.99	225.31	0	0	0	0
-5.02	-0.01	1.9614	898.92	458.305	0	0	0	0
-0.03	-0.01	1.962	1159.73	591.096	0	0	0	0
4.97	-0.01	1.9618	909.13	463.416	0	0	0	0
9.97	-0.01	1.9617	517.16	263.628	0	0	0	0
14.97	-0.01	1.9604	196.81	100.393	0	0	0	0
19.97	-0.01	1.9623	43.83	22.336	0	0	0	0
24.97	-0.01	1.9609	6.87	3.50349	0	0	0	0
-24.96	5	1.9624	2.86	1.4574	0	0	0	0
-20.03	4.99	1.9607	14.91	7.60443	0	0	0	0
-15.03	4.99	1.9609	97.89	49.921	0	0	0	0
-10.03	4.99	1.9608	412.46	210.353	0	0	0	0
-5.03	4.99	1.9601	798.55	407.403	0	0	0	0
-0.03	4.99	1.9635	935.83	476.613	0	0	0	0
4.97	4.99	1.9613	712.57	363.315	0	0	0	0
9.97	4.99	1.961	381.33	194.457	0	0	0	0
14.97	4.99	1.9612	129.21	65.8831	0	0	0	0
19.97	4.99	1.9605	27.09	13.8179	0	0	0	0
24.97	4.99	1.9619	5.14	2.61991	0	0	0	0
-24.97	10	1.9623	2.29	1.167	0	0	0	0
-20.03	9.99	1.9622	10.53	5.36643	0	0	0	0
-15.03	9.99	1.9634	61.06	31.0991	0	0	0	0
-10.03	9.99	1.9629	251.03	127.887	0	0	0	0
-5.03	9.99	1.9621	498.02	253.82	0	0	0	0
-0.03	9.99	1.9621	571.5	291.27	0	0	0	0
4.97	9.99	1.9632	394.79	201.095	0	0	0	0
9.97	9.99	1.962	182.96	93.2518	0	0	0	0
14.97	9.99	1.9616	57.37	29.2465	0	0	0	0
19.97	9.99	1.9617	12.68	6.46378	0	0	0	0
24.97	9.99	1.9626	3.34	1.70182	0	0	0	0
-24.96	15	1.9613	2	1.01973	0	0	0	0
-20.03	14.99	1.961	6.41	3.26874	0	0	0	0
-15.02	14.99	1.9607	29.56	15.0762	0	0	0	0
-10.03	14.99	1.9632	108.06	55.0428	0	0	0	0
-5.02	14.99	1.9615	216.29	110.268	0	0	0	0
-0.03	14.99	1.9601	223.13	113.836	0	0	0	0
4.97	14.99	1.9614	153.76	78.393	0	0	0	0
9.97	14.99	1.9609	64.28	32.7809	0	0	0	0
14.97	14.99	1.9619	19.59	9.98522	0	0	0	0
19.97	14.99	1.9622	5.23	2.66538	0	0	0	0
24.97	14.99	1.962	2.11	1.07543	0	0	0	0
-24.96	20	1.9608	1.47	0.749694	0	0	0	0
-20.04	20	1.9601	3.21	1.63767	0	0	0	0
-15.02	20	1.9606	11.45	5.84005	0	0	0	0
-10.03	20	1.9612	35.69	18.198	0	0	0	0
-5.02	20	1.9613	58.67	29.9138	0	0	0	0
-0.03	20	1.9596	59.64	30.4348	0	0	0	0
4.97	20	1.9614	36.47	18.5939	0	0	0	0
9.96	20	1.9613	15.03	7.66328	0	0	0	0
14.97	20	1.9619	6.1	3.10923	0	0	0	0
19.97	20	1.9621	2.79	1.42195	0	0	0	0
24.97	20	1.9617	1.52	0.774838	0	0	0	0
