Xcoord	Ycoord	Beam	chan0	chan0 norm	chan2	chan2 norm	chan3	chan3 norm	
-80.0000	0.0000	1.9482	0.0157	0.0081	0.0000	0.0000	0.6354	0.3261
-75.0000	0.0000	1.9470	0.0434	0.0223	0.0000	0.0000	0.8314	0.4270
-70.0000	0.0000	1.9481	0.0401	0.0206	0.0000	0.0000	1.0551	0.5416
-65.0000	0.0000	1.9475	0.0807	0.0415	0.0000	0.0000	1.4720	0.7558
-60.0000	0.0000	1.9475	0.1212	0.0623	0.0000	0.0000	2.2948	1.1783
-55.0000	0.0000	1.9477	0.2823	0.1449	0.0000	0.0000	3.8547	1.9791
-50.0000	0.0000	1.9472	0.8957	0.4600	0.0000	0.0000	7.5365	3.8703
-45.0000	0.0000	1.9475	3.2553	1.6715	0.0000	0.0000	16.0362	8.2344
-40.0000	0.0000	1.9483	9.8767	5.0695	0.0000	0.0000	34.7804	17.8521
-35.0000	0.0000	1.9470	23.0398	11.8337	0.0000	0.0000	68.8787	35.3773
-30.0000	0.0000	1.9476	42.5816	21.8642	0.0000	0.0000	117.7293	60.4499
-25.0000	0.0000	1.9480	66.8363	34.3102	0.0000	0.0000	177.7045	91.2240
-20.0000	0.0000	1.9476	94.4460	48.4938	0.0000	0.0000	244.9340	125.7627
-15.0000	0.0000	1.9484	123.6208	63.4474	0.0000	0.0000	314.8152	161.5763
-10.0000	0.0000	1.9473	146.4294	75.1943	0.0000	0.0000	367.6523	188.7966
-5.0000	0.0000	1.9476	153.8557	78.9974	0.0000	0.0000	384.5216	197.4331
0.0000	0.0000	1.9474	142.5329	73.1927	0.0000	0.0000	362.5043	186.1513
5.0000	0.0000	1.9483	123.2808	63.2757	0.0000	0.0000	316.8650	162.6357
10.0000	0.0000	1.9467	96.9035	49.7771	0.0000	0.0000	253.3833	130.1571
15.0000	0.0000	1.9474	61.8840	31.7770	0.0000	0.0000	170.3931	87.4956
20.0000	0.0000	1.9472	27.5884	14.1683	0.0000	0.0000	89.2862	45.8536
25.0000	0.0000	1.9481	8.2775	4.2490	0.0000	0.0000	38.8889	19.9623
30.0000	0.0000	1.9474	1.9248	0.9884	0.0000	0.0000	17.1890	8.8268
35.0000	0.0000	1.9480	0.6153	0.3159	0.0000	0.0000	8.7891	4.5118
40.0000	0.0000	1.9465	0.2987	0.1535	0.0000	0.0000	4.7445	2.4374
45.0000	0.0000	1.9482	0.1549	0.0795	0.0000	0.0000	2.5804	1.3245
50.0000	0.0000	1.9471	0.1348	0.0693	0.0000	0.0000	1.7106	0.8785
55.0000	0.0000	1.9478	0.0923	0.0474	0.0000	0.0000	1.2444	0.6389
60.0000	0.0000	1.9477	0.0772	0.0396	0.0000	0.0000	1.1020	0.5658
65.0000	0.0000	1.9486	0.0452	0.0232	0.0000	0.0000	1.0177	0.5223
70.0000	0.0000	1.9469	0.0387	0.0199	0.0000	0.0000	0.8843	0.4542
75.0000	0.0000	1.9481	0.0312	0.0160	0.0000	0.0000	0.7861	0.4035
80.0000	0.0000	1.9485	0.0267	0.0137	0.0000	0.0000	0.7310	0.3751
0.0000	-100.0000	1.9476	0.7430	0.3815	0.0000	0.0000	2.8785	1.4780
0.0000	-95.0000	1.9472	1.3605	0.6987	0.0000	0.0000	4.6818	2.4044
0.0000	-90.0000	1.9477	2.6384	1.3546	0.0000	0.0000	8.0462	4.1310
0.0000	-85.0000	1.9478	4.7209	2.4237	0.0000	0.0000	13.4718	6.9163
0.0000	-80.0000	1.9465	7.7277	3.9700	0.0000	0.0000	20.6149	10.5906
0.0000	-75.0000	1.6361	9.1123	5.5697	0.0000	0.0000	23.8966	14.6062
0.0000	-70.0000	1.8362	12.7443	6.9407	0.0000	0.0000	33.5705	18.2829
0.0000	-65.0000	1.9426	15.8546	8.1615	0.0000	0.0000	42.7291	21.9959
0.0000	-60.0000	1.9466	19.1507	9.8379	0.0000	0.0000	51.6901	26.5537
0.0000	-55.0000	1.9468	23.2752	11.9559	0.0000	0.0000	63.0356	32.3797
0.0000	-50.0000	1.9478	29.0569	14.9175	0.0000	0.0000	78.6328	40.3691
0.0000	-45.0000	1.9473	36.8405	18.9184	0.0000	0.0000	99.6611	51.1780
0.0000	-40.0000	1.9477	47.1453	24.2055	0.0000	0.0000	125.8866	64.6331
0.0000	-35.0000	1.9468	58.8451	30.2269	0.0000	0.0000	155.6185	79.9364
0.0000	-30.0000	1.9466	72.0465	37.0114	0.0000	0.0000	188.7184	96.9477
0.0000	-25.0000	1.9468	85.8544	44.1003	0.0000	0.0000	223.5962	114.8532
0.0000	-20.0000	1.9458	99.2938	51.0302	0.0000	0.0000	257.0621	132.1122
0.0000	-15.0000	1.9469	113.1414	58.1125	0.0000	0.0000	291.3957	149.6687
0.0000	-10.0000	1.9478	125.5496	64.4555	0.0000	0.0000	320.8365	164.7133
0.0000	-5.0000	1.9470	136.0871	69.8968	0.0000	0.0000	346.2929	177.8624
0.0000	0.0000	1.9470	142.1734	73.0206	0.0000	0.0000	360.3048	185.0535
0.0000	5.0000	1.9473	143.8061	73.8478	0.0000	0.0000	364.1661	187.0078
0.0000	10.0000	1.9472	140.9991	72.4098	0.0000	0.0000	357.1657	183.4216
0.0000	15.0000	1.9487	135.4680	69.5183	0.0000	0.0000	343.3613	176.2032
0.0000	20.0000	1.9479	125.5529	64.4571	0.0000	0.0000	318.9129	163.7254
0.0000	25.0000	1.9467	112.3761	57.7251	0.0000	0.0000	286.9642	147.4071
0.0000	30.0000	1.9473	96.8469	49.7338	0.0000	0.0000	250.9753	128.8833
0.0000	35.0000	1.9466	82.1287	42.1919	0.0000	0.0000	214.8676	110.3838
0.0000	40.0000	1.9485	68.2126	35.0082	0.0000	0.0000	180.3437	92.5563
0.0000	45.0000	1.9481	56.1379	28.8170	0.0000	0.0000	150.7153	77.3661
0.0000	50.0000	1.9475	46.0091	23.6250	0.0000	0.0000	124.5195	63.9389
0.0000	55.0000	1.9471	37.8118	19.4193	0.0000	0.0000	102.6921	52.7403
0.0000	60.0000	1.9489	30.7538	15.7802	0.0000	0.0000	84.1577	43.1824
0.0000	65.0000	1.9477	24.2690	12.4601	0.0000	0.0000	67.0291	34.4138
0.0000	70.0000	1.9471	18.4703	9.4862	0.0000	0.0000	51.3319	26.3637
0.0000	75.0000	1.9475	13.0080	6.6792	0.0000	0.0000	37.6067	19.3099
0.0000	80.0000	1.9470	8.2776	4.2514	0.0000	0.0000	25.5826	13.1394
0.0000	85.0000	1.9467	4.8597	2.4963	0.0000	0.0000	16.4416	8.4457
0.0000	90.0000	1.9469	2.4617	1.2644	0.0000	0.0000	10.0527	5.1634
0.0000	95.0000	1.9466	1.2295	0.6316	0.0000	0.0000	6.3224	3.2479
0.0000	100.0000	1.9463	0.6455	0.3317	0.0000	0.0000	4.0650	2.0885
