Xcoord	Ycoord	Beam	chan0	chan0 norm	chan2	chan2 norm	chan3	chan3 norm	
-80.0000	0.0000	1.9468	0.0294	0.0151	0.0000	0.0000	0.5512	0.2831
-75.0000	0.0000	1.9474	0.0351	0.0180	0.0000	0.0000	0.6814	0.3499
-70.0000	0.0000	1.9466	0.0406	0.0209	0.0000	0.0000	0.8028	0.4124
-65.0000	0.0000	1.9468	0.0589	0.0303	0.0000	0.0000	1.0390	0.5337
-60.0000	0.0000	1.9466	0.0811	0.0417	0.0000	0.0000	1.3987	0.7185
-55.0000	0.0000	1.9468	0.1168	0.0600	0.0000	0.0000	2.0612	1.0588
-50.0000	0.0000	1.9469	0.1841	0.0946	0.0000	0.0000	3.2924	1.6912
-45.0000	0.0000	1.9473	0.4206	0.2160	0.0000	0.0000	5.9451	3.0529
-40.0000	0.0000	1.6270	1.0771	0.6620	0.0000	0.0000	9.6477	5.9297
-35.0000	0.0000	1.8266	4.8658	2.6639	0.0000	0.0000	24.1129	13.2013
-30.0000	0.0000	1.9423	16.2464	8.3645	0.0000	0.0000	57.0945	29.3952
-25.0000	0.0000	1.9454	38.9233	20.0081	0.0000	0.0000	114.9497	59.0885
-20.0000	0.0000	1.9465	73.9251	37.9790	0.0000	0.0000	199.5078	102.4972
-15.0000	0.0000	1.9474	118.7869	60.9976	0.0000	0.0000	304.3560	156.2882
-10.0000	0.0000	1.9467	164.4464	84.4739	0.0000	0.0000	407.5005	209.3275
-5.0000	0.0000	1.9467	185.8013	95.4433	0.0000	0.0000	457.9566	235.2454
0.0000	0.0000	1.9464	175.0769	89.9508	0.0000	0.0000	436.6922	224.3633
5.0000	0.0000	1.9477	146.1055	75.0144	0.0000	0.0000	368.8092	189.3564
10.0000	0.0000	1.9463	96.6282	49.6471	0.0000	0.0000	255.9030	131.4817
15.0000	0.0000	1.9473	42.7248	21.9400	0.0000	0.0000	133.2912	68.4476
20.0000	0.0000	1.9469	11.9044	6.1144	0.0000	0.0000	56.2184	28.8752
25.0000	0.0000	1.9473	2.6040	1.3372	0.0000	0.0000	24.8152	12.7431
30.0000	0.0000	1.9482	0.7684	0.3944	0.0000	0.0000	12.6675	6.5023
35.0000	0.0000	1.9469	0.3947	0.2027	0.0000	0.0000	6.5939	3.3869
40.0000	0.0000	1.9494	0.2282	0.1170	0.0000	0.0000	3.5302	1.8110
45.0000	0.0000	1.9470	0.1563	0.0803	0.0000	0.0000	2.1104	1.0839
50.0000	0.0000	1.9481	0.1084	0.0556	0.0000	0.0000	1.4821	0.7608
55.0000	0.0000	1.9475	0.0941	0.0483	0.0000	0.0000	1.2777	0.6561
60.0000	0.0000	1.9476	0.0719	0.0369	0.0000	0.0000	1.1396	0.5851
65.0000	0.0000	1.9470	0.0699	0.0359	0.0000	0.0000	1.0273	0.5276
70.0000	0.0000	1.9469	0.0511	0.0262	0.0000	0.0000	0.9135	0.4692
75.0000	0.0000	1.9473	0.0266	0.0137	0.0000	0.0000	0.8166	0.4193
80.0000	0.0000	1.9479	0.0349	0.0179	0.0000	0.0000	0.7797	0.4003
0.0000	-100.0000	1.9481	2.1214	1.0890	0.0000	0.0000	6.4122	3.2915
0.0000	-95.0000	1.9474	3.7784	1.9403	0.0000	0.0000	10.4820	5.3827
0.0000	-90.0000	1.9474	6.6417	3.4105	0.0000	0.0000	17.4170	8.9436
0.0000	-85.0000	1.9477	10.4229	5.3515	0.0000	0.0000	26.1233	13.4125
0.0000	-80.0000	1.9477	13.9722	7.1738	0.0000	0.0000	35.1113	18.0274
0.0000	-75.0000	1.9475	16.9685	8.7128	0.0000	0.0000	42.8070	21.9800
0.0000	-70.0000	1.9478	19.7728	10.1514	0.0000	0.0000	51.0035	26.1853
0.0000	-65.0000	1.9478	22.8613	11.7369	0.0000	0.0000	59.9538	30.7801
0.0000	-60.0000	1.9473	27.2524	13.9953	0.0000	0.0000	72.3015	37.1300
0.0000	-55.0000	1.9482	33.0644	16.9717	0.0000	0.0000	88.0577	45.1992
0.0000	-50.0000	1.9472	41.7354	21.4336	0.0000	0.0000	110.1943	56.5912
0.0000	-45.0000	1.9478	52.8662	27.1417	0.0000	0.0000	138.7969	71.2589
0.0000	-40.0000	1.9475	66.4007	34.0955	0.0000	0.0000	172.2541	88.4493
0.0000	-35.0000	1.9483	81.8034	41.9873	0.0000	0.0000	210.5412	108.0646
0.0000	-30.0000	1.9476	97.2528	49.9349	0.0000	0.0000	248.5815	127.6354
0.0000	-25.0000	1.9473	113.8742	58.4785	0.0000	0.0000	289.0498	148.4375
0.0000	-20.0000	1.9472	129.8742	66.6979	0.0000	0.0000	329.2354	169.0814
0.0000	-15.0000	1.9471	146.1496	75.0592	0.0000	0.0000	367.7070	188.8461
0.0000	-10.0000	1.9481	159.6679	81.9618	0.0000	0.0000	400.3401	205.5054
0.0000	-5.0000	1.9466	170.0010	87.3332	0.0000	0.0000	424.5430	218.0969
0.0000	0.0000	1.9475	175.5048	90.1162	0.0000	0.0000	437.2775	224.5283
0.0000	5.0000	1.9477	175.0882	89.8938	0.0000	0.0000	436.1979	223.9527
0.0000	10.0000	1.9480	171.0294	87.7971	0.0000	0.0000	426.1521	218.7631
0.0000	15.0000	1.9475	165.2511	84.8545	0.0000	0.0000	410.9191	211.0020
0.0000	20.0000	1.9471	154.5003	79.3494	0.0000	0.0000	385.9604	198.2244
0.0000	25.0000	1.9481	140.9864	72.3705	0.0000	0.0000	352.7145	181.0537
0.0000	30.0000	1.9479	125.0450	64.1940	0.0000	0.0000	315.2946	161.8619
0.0000	35.0000	1.9477	107.8788	55.3880	0.0000	0.0000	274.0034	140.6810
0.0000	40.0000	1.9475	91.8202	47.1477	0.0000	0.0000	235.1742	120.7568
0.0000	45.0000	1.9427	77.3351	39.8089	0.0000	0.0000	199.8513	102.8751
0.0000	50.0000	1.9468	64.5042	33.1331	0.0000	0.0000	168.0679	86.3293
0.0000	55.0000	1.9461	53.6942	27.5911	0.0000	0.0000	140.5077	72.2009
0.0000	60.0000	1.9477	44.9317	23.0691	0.0000	0.0000	117.7397	60.4506
0.0000	65.0000	1.9480	36.7553	18.8684	0.0000	0.0000	96.4209	49.4979
0.0000	70.0000	1.9464	29.5474	15.1808	0.0000	0.0000	77.2367	39.6826
0.0000	75.0000	1.9472	23.1009	11.8634	0.0000	0.0000	60.1340	30.8817
0.0000	80.0000	1.9476	16.9523	8.7040	0.0000	0.0000	44.8817	23.0442
0.0000	85.0000	1.9474	11.5738	5.9432	0.0000	0.0000	31.6111	16.2325
0.0000	90.0000	1.9470	7.2246	3.7107	0.0000	0.0000	20.9575	10.7641
0.0000	95.0000	1.9465	4.2458	2.1813	0.0000	0.0000	13.4791	6.9249
0.0000	100.0000	1.9473	2.3328	1.1979	0.0000	0.0000	8.4095	4.3186
