Xcoord	Ycoord	Beam	chan0	chan0 norm	chan2	chan2 norm	chan3	chan3 norm	
-80.0000	0.0000	1.9471	0.0143	0.0074	0.0000	0.0000	0.5811	0.2984
-75.0000	0.0000	1.9470	0.0216	0.0111	0.0000	0.0000	0.5394	0.2770
-70.0000	0.0000	1.9469	0.0420	0.0216	0.0000	0.0000	0.6450	0.3313
-65.0000	0.0000	1.9468	0.0920	0.0472	0.0000	0.0000	0.8145	0.4184
-60.0000	0.0000	1.9474	0.0827	0.0425	0.0000	0.0000	1.0451	0.5367
-55.0000	0.0000	1.9471	0.1041	0.0535	0.0000	0.0000	1.4058	0.7220
-50.0000	0.0000	1.9465	0.1240	0.0637	0.0000	0.0000	2.0843	1.0707
-45.0000	0.0000	1.9478	0.1813	0.0931	0.0000	0.0000	3.1874	1.6365
-40.0000	0.0000	1.9463	0.3432	0.1763	0.0000	0.0000	5.8688	3.0153
-35.0000	0.0000	1.9460	0.7701	0.3957	0.0000	0.0000	11.0026	5.6541
-30.0000	0.0000	1.9468	2.6159	1.3437	0.0000	0.0000	22.0764	11.3399
-25.0000	0.0000	1.9474	10.1807	5.2277	0.0000	0.0000	49.1887	25.2581
-20.0000	0.0000	1.9469	34.2449	17.5896	0.0000	0.0000	113.1304	58.1085
-15.0000	0.0000	1.9467	86.7038	44.5399	0.0000	0.0000	236.4553	121.4674
-10.0000	0.0000	1.9469	163.2972	83.8749	0.0000	0.0000	405.0520	208.0482
-5.0000	0.0000	1.9469	220.5651	113.2912	0.0000	0.0000	531.5257	273.0131
0.0000	0.0000	1.9462	219.5577	112.8138	0.0000	0.0000	532.2810	273.4983
5.0000	0.0000	1.9467	169.8752	87.2648	0.0000	0.0000	422.7923	217.1882
10.0000	0.0000	1.9474	89.1165	45.7619	0.0000	0.0000	246.8276	126.7475
15.0000	0.0000	1.9470	27.8876	14.3237	0.0000	0.0000	105.9179	54.4017
20.0000	0.0000	1.9469	5.9591	3.0608	0.0000	0.0000	43.9696	22.5846
25.0000	0.0000	1.9477	1.4960	0.7681	0.0000	0.0000	21.6356	11.1083
30.0000	0.0000	1.9466	0.6156	0.3162	0.0000	0.0000	11.5822	5.9498
35.0000	0.0000	1.9471	0.3436	0.1764	0.0000	0.0000	5.9085	3.0346
40.0000	0.0000	1.9469	0.2161	0.1110	0.0000	0.0000	3.1268	1.6061
45.0000	0.0000	1.9470	0.1495	0.0768	0.0000	0.0000	1.9757	1.0147
50.0000	0.0000	1.9466	0.1335	0.0686	0.0000	0.0000	1.5250	0.7834
55.0000	0.0000	1.9468	0.1044	0.0536	0.0000	0.0000	1.3666	0.7020
60.0000	0.0000	1.9475	0.1040	0.0534	0.0000	0.0000	1.1831	0.6075
65.0000	0.0000	1.9467	0.0761	0.0391	0.0000	0.0000	1.0959	0.5629
70.0000	0.0000	1.9477	0.0593	0.0305	0.0000	0.0000	1.0169	0.5221
75.0000	0.0000	1.9462	0.0431	0.0221	0.0000	0.0000	0.8970	0.4609
80.0000	0.0000	1.9465	0.0256	0.0132	0.0000	0.0000	0.8026	0.4123
0.0000	-100.0000	1.9465	4.8289	2.4809	0.0000	0.0000	12.6911	6.5200
0.0000	-95.0000	1.9474	8.0645	4.1412	0.0000	0.0000	20.2872	10.4177
0.0000	-90.0000	1.9466	12.5783	6.4617	0.0000	0.0000	30.3940	15.6140
0.0000	-85.0000	1.9472	16.5417	8.4951	0.0000	0.0000	40.4157	20.7557
0.0000	-80.0000	1.9473	20.4253	10.4888	0.0000	0.0000	49.9011	25.6252
0.0000	-75.0000	1.9462	23.7530	12.2048	0.0000	0.0000	58.9584	30.2940
0.0000	-70.0000	1.9476	27.6703	14.2076	0.0000	0.0000	69.6136	35.7437
0.0000	-65.0000	1.9458	32.7740	16.8439	0.0000	0.0000	83.4166	42.8710
0.0000	-60.0000	1.9469	39.5381	20.3079	0.0000	0.0000	101.3295	52.0457
0.0000	-55.0000	1.9467	49.2723	25.3104	0.0000	0.0000	126.5095	64.9859
0.0000	-50.0000	1.9472	62.7110	32.2055	0.0000	0.0000	158.9754	81.6424
0.0000	-45.0000	1.9468	78.5205	40.3325	0.0000	0.0000	197.4476	101.4200
0.0000	-40.0000	1.9468	97.1404	49.8971	0.0000	0.0000	242.1830	124.3996
0.0000	-35.0000	1.9475	115.8081	59.4645	0.0000	0.0000	287.0935	147.4151
0.0000	-30.0000	1.9469	135.0169	69.3509	0.0000	0.0000	333.1459	171.1191
0.0000	-25.0000	1.9467	155.3814	79.8197	0.0000	0.0000	380.9842	195.7123
0.0000	-20.0000	1.9474	174.2509	89.4764	0.0000	0.0000	426.7105	219.1125
0.0000	-15.0000	1.9465	192.5430	98.9193	0.0000	0.0000	469.7635	241.3418
0.0000	-10.0000	1.9468	208.0506	106.8672	0.0000	0.0000	504.7014	259.2448
0.0000	-5.0000	1.9468	217.7307	111.8384	0.0000	0.0000	527.2403	270.8196
0.0000	0.0000	1.9467	219.9846	113.0066	0.0000	0.0000	533.2743	273.9441
0.0000	5.0000	1.9473	215.8787	110.8581	0.0000	0.0000	525.2783	269.7410
0.0000	10.0000	1.9465	209.3718	107.5648	0.0000	0.0000	509.6882	261.8525
0.0000	15.0000	1.9463	201.0147	103.2817	0.0000	0.0000	489.0088	251.2536
0.0000	20.0000	1.9470	190.7746	97.9824	0.0000	0.0000	464.2458	238.4381
0.0000	25.0000	1.9466	177.0486	90.9518	0.0000	0.0000	431.2069	221.5158
0.0000	30.0000	1.9476	159.5382	81.9147	0.0000	0.0000	389.7997	200.1420
0.0000	35.0000	1.9467	139.4879	71.6522	0.0000	0.0000	342.8219	176.1009
0.0000	40.0000	1.9467	120.4699	61.8847	0.0000	0.0000	297.6923	152.9227
0.0000	45.0000	1.9475	103.0888	52.9350	0.0000	0.0000	256.3303	131.6229
0.0000	50.0000	1.9467	87.7291	45.0651	0.0000	0.0000	219.0520	112.5236
0.0000	55.0000	1.9472	73.7661	37.8831	0.0000	0.0000	184.4441	94.7225
0.0000	60.0000	1.9471	61.1196	31.3895	0.0000	0.0000	153.3843	78.7745
0.0000	65.0000	1.9466	49.5602	25.4604	0.0000	0.0000	124.9569	64.1936
0.0000	70.0000	1.9472	39.1084	20.0847	0.0000	0.0000	98.9531	50.8189
0.0000	75.0000	1.9471	29.9366	15.3750	0.0000	0.0000	76.6249	39.3533
0.0000	80.0000	1.9477	22.2586	11.4280	0.0000	0.0000	57.5785	29.5620
0.0000	85.0000	1.9476	16.3984	8.4196	0.0000	0.0000	42.9555	22.0552
0.0000	90.0000	1.9464	11.3426	5.8276	0.0000	0.0000	30.2495	15.5414
0.0000	95.0000	1.9466	7.3013	3.7508	0.0000	0.0000	20.4937	10.5279
0.0000	100.0000	1.9466	4.3266	2.2227	0.0000	0.0000	13.1565	6.7588
