Xcoord	Ycoord	Beam	chan0	chan0 norm	chan2	chan2 norm	chan3	chan3 norm	
-80.0000	0.0000	1.9315	0.0410	0.0212	0.0000	0.0000	0.8312	0.4303
-75.0000	0.0000	1.9322	0.0467	0.0242	0.0000	0.0000	0.9453	0.4892
-70.0000	0.0000	1.9319	0.0841	0.0435	0.0000	0.0000	1.2353	0.6394
-65.0000	0.0000	1.9329	0.1096	0.0567	0.0000	0.0000	1.9084	0.9873
-60.0000	0.0000	1.9327	0.1810	0.0936	0.0000	0.0000	3.2474	1.6802
-55.0000	0.0000	1.9321	0.3742	0.1937	0.0000	0.0000	6.1100	3.1624
-50.0000	0.0000	1.9318	1.0833	0.5608	0.0000	0.0000	12.2742	6.3538
-45.0000	0.0000	1.9323	4.4225	2.2887	0.0000	0.0000	27.3152	14.1359
-40.0000	0.0000	1.9319	17.1479	8.8764	0.0000	0.0000	65.3701	33.8381
-35.0000	0.0000	1.9330	45.7205	23.6530	0.0000	0.0000	138.5199	71.6616
-30.0000	0.0000	1.9317	83.3833	43.1647	0.0000	0.0000	233.7331	120.9957
-25.0000	0.0000	1.9325	121.5312	62.8873	0.0000	0.0000	331.7816	171.6831
-20.0000	0.0000	1.9331	158.2677	81.8727	0.0000	0.0000	427.4952	221.1453
-15.0000	0.0000	1.9323	191.3685	99.0373	0.0000	0.0000	513.3554	265.6723
-10.0000	0.0000	1.9327	217.0046	112.2785	0.0000	0.0000	579.5185	299.8438
-5.0000	0.0000	1.9321	234.5191	121.3820	0.0000	0.0000	624.2503	323.0985
0.0000	0.0000	1.9327	242.8346	125.6469	0.0000	0.0000	642.8170	332.6049
5.0000	0.0000	1.9321	234.6824	121.4626	0.0000	0.0000	619.8261	320.7982
10.0000	0.0000	1.9331	207.9028	107.5482	0.0000	0.0000	550.4745	284.7607
15.0000	0.0000	1.9319	160.3146	82.9817	0.0000	0.0000	434.4365	224.8720
20.0000	0.0000	1.9324	104.3161	53.9832	0.0000	0.0000	297.5757	153.9943
25.0000	0.0000	1.9322	59.3539	30.7188	0.0000	0.0000	182.6932	94.5534
30.0000	0.0000	1.9330	28.7308	14.8633	0.0000	0.0000	99.6182	51.5354
35.0000	0.0000	1.9315	9.7369	5.0410	0.0000	0.0000	45.6981	23.6589
40.0000	0.0000	1.9323	2.2241	1.1510	0.0000	0.0000	19.1156	9.8925
45.0000	0.0000	1.9316	0.6042	0.3128	0.0000	0.0000	8.9604	4.6388
50.0000	0.0000	1.9318	0.2651	0.1372	0.0000	0.0000	4.7574	2.4626
55.0000	0.0000	1.9327	0.1472	0.0762	0.0000	0.0000	2.6416	1.3668
60.0000	0.0000	1.9329	0.0990	0.0512	0.0000	0.0000	1.7812	0.9215
65.0000	0.0000	1.9328	0.0799	0.0414	0.0000	0.0000	1.3040	0.6747
70.0000	0.0000	1.9322	0.0485	0.0251	0.0000	0.0000	1.0955	0.5670
75.0000	0.0000	1.9323	0.0331	0.0171	0.0000	0.0000	0.9481	0.4907
80.0000	0.0000	1.9320	0.0247	0.0128	0.0000	0.0000	0.8788	0.4549
0.0000	-80.0000	1.9316	0.8032	0.4158	0.0000	0.0000	3.8528	1.9946
0.0000	-75.0000	1.9325	2.4876	1.2872	0.0000	0.0000	8.8072	4.5574
0.0000	-70.0000	1.9327	4.6193	2.3900	0.0000	0.0000	15.0461	7.7849
0.0000	-65.0000	1.9325	6.8748	3.5574	0.0000	0.0000	22.2988	11.5387
0.0000	-60.0000	1.9325	10.8854	5.6327	0.0000	0.0000	34.4546	17.8288
0.0000	-55.0000	1.9325	19.4399	10.0595	0.0000	0.0000	56.4201	29.1956
0.0000	-50.0000	1.9326	33.2699	17.2148	0.0000	0.0000	91.3614	47.2732
0.0000	-45.0000	1.9319	49.2108	25.4726	0.0000	0.0000	132.0226	68.3379
0.0000	-40.0000	1.9322	64.0106	33.1278	0.0000	0.0000	174.2211	90.1657
0.0000	-35.0000	1.9328	81.0440	41.9309	0.0000	0.0000	223.3512	115.5585
0.0000	-30.0000	1.9329	105.3857	54.5222	0.0000	0.0000	291.1942	150.6518
0.0000	-25.0000	1.9323	143.5927	74.3111	0.0000	0.0000	387.8588	200.7220
0.0000	-20.0000	1.9328	191.0264	98.8340	0.0000	0.0000	503.5885	260.5485
0.0000	-15.0000	1.9316	233.0478	120.6490	0.0000	0.0000	604.9335	313.1745
0.0000	-10.0000	1.9319	254.2457	131.6018	0.0000	0.0000	660.8315	342.0575
0.0000	-5.0000	1.9323	256.5464	132.7645	0.0000	0.0000	670.6718	347.0771
0.0000	0.0000	1.9326	242.6861	125.5762	0.0000	0.0000	641.4259	331.9012
0.0000	5.0000	1.9338	220.0269	113.7824	0.0000	0.0000	589.2891	304.7389
0.0000	10.0000	1.9321	192.6809	99.7274	0.0000	0.0000	521.6931	270.0168
0.0000	15.0000	1.9326	163.0081	84.3472	0.0000	0.0000	448.6645	232.1577
0.0000	20.0000	1.9326	133.6792	69.1701	0.0000	0.0000	373.6698	193.3492
0.0000	25.0000	1.9318	106.2956	55.0247	0.0000	0.0000	303.2115	156.9596
0.0000	30.0000	1.9325	82.1039	42.4851	0.0000	0.0000	240.3128	124.3512
0.0000	35.0000	1.9324	62.0757	32.1229	0.0000	0.0000	187.3374	96.9431
0.0000	40.0000	1.9318	46.4109	24.0243	0.0000	0.0000	144.0206	74.5512
0.0000	45.0000	1.9328	34.3157	17.7543	0.0000	0.0000	109.5206	56.6638
0.0000	50.0000	1.9321	26.1805	13.5506	0.0000	0.0000	84.2569	43.6098
0.0000	55.0000	1.9324	18.8145	9.7365	0.0000	0.0000	62.0191	32.0950
0.0000	60.0000	1.9324	11.1228	5.7560	0.0000	0.0000	40.5692	20.9942
0.0000	65.0000	1.9327	3.7071	1.9181	0.0000	0.0000	21.1537	10.9451
0.0000	70.0000	1.9325	0.7113	0.3681	0.0000	0.0000	11.1692	5.7797
0.0000	75.0000	1.9320	0.1995	0.1033	0.0000	0.0000	7.3083	3.7828
0.0000	80.0000	1.9325	0.1059	0.0548	0.0000	0.0000	5.3993	2.7939
