#BTS [dimensions from D.Grigoriev, 200Amps] Date   :   14-APR-05:17:26:46 Fields :   MAGNETIC
param maxline=128 current=1 gradient=1 normB=1 normE=1
cylinder Z0=0 nR=20 nZ=201 dR=10 dZ=10
extendZ flip=Br
data
0	0	0	0.36176
10	0	0	0.36176
20	0	0	0.36176
30	0	0	0.36176
40	0	0	0.36176
50	0	0	0.36177
60	0	0	0.36177
70	0	0	0.36178
80	0	0	0.36179
90	0	0	0.36179
100	0	0	0.3618
110	0	0	0.36181
120	0	0	0.36182
130	0	0	0.36183
140	0	0	0.36185
150	0	0	0.36186
160	0	0	0.36187
170	0	0	0.36189
180	0	0	0.3619
190	0	0	0.36192
0	10	0	0.36176
10	10	0	0.36176
20	10	0	0.36176
30	10	0	0.36176
40	10	0	0.36176
50	10	0	0.36177
60	10	1e-05	0.36177
70	10	1e-05	0.36178
80	10	1e-05	0.36179
90	10	1e-05	0.36179
100	10	1e-05	0.3618
110	10	1e-05	0.36181
120	10	1e-05	0.36182
130	10	1e-05	0.36183
140	10	1e-05	0.36185
150	10	1e-05	0.36186
160	10	1e-05	0.36187
170	10	2e-05	0.36189
180	10	2e-05	0.3619
190	10	2e-05	0.36192
0	20	0	0.36175
10	20	0	0.36175
20	20	0	0.36175
30	20	1e-05	0.36176
40	20	1e-05	0.36176
50	20	1e-05	0.36176
60	20	1e-05	0.36177
70	20	1e-05	0.36178
80	20	1e-05	0.36178
90	20	2e-05	0.36179
100	20	2e-05	0.3618
110	20	2e-05	0.36181
120	20	2e-05	0.36182
130	20	2e-05	0.36183
140	20	3e-05	0.36184
150	20	3e-05	0.36186
160	20	3e-05	0.36187
170	20	3e-05	0.36189
180	20	3e-05	0.3619
190	20	3e-05	0.36192
0	30	0	0.36175
10	30	0	0.36175
20	30	1e-05	0.36175
30	30	1e-05	0.36175
40	30	1e-05	0.36176
50	30	1e-05	0.36176
60	30	2e-05	0.36177
70	30	2e-05	0.36177
80	30	2e-05	0.36178
90	30	2e-05	0.36179
100	30	3e-05	0.36179
110	30	3e-05	0.3618
120	30	3e-05	0.36182
130	30	4e-05	0.36183
140	30	4e-05	0.36184
150	30	4e-05	0.36185
160	30	4e-05	0.36187
170	30	5e-05	0.36188
180	30	5e-05	0.3619
190	30	5e-05	0.36191
0	40	0	0.36174
10	40	0	0.36174
20	40	1e-05	0.36174
30	40	1e-05	0.36175
40	40	1e-05	0.36175
50	40	2e-05	0.36175
60	40	2e-05	0.36176
70	40	3e-05	0.36176
80	40	3e-05	0.36177
90	40	3e-05	0.36178
100	40	4e-05	0.36179
110	40	4e-05	0.3618
120	40	4e-05	0.36181
130	40	5e-05	0.36182
140	40	5e-05	0.36183
150	40	5e-05	0.36185
160	40	6e-05	0.36186
170	40	6e-05	0.36188
180	40	6e-05	0.36189
190	40	7e-05	0.36191
0	50	0	0.36173
10	50	0	0.36173
20	50	1e-05	0.36174
30	50	1e-05	0.36174
40	50	2e-05	0.36174
50	50	2e-05	0.36174
60	50	3e-05	0.36175
70	50	3e-05	0.36176
80	50	4e-05	0.36176
90	50	4e-05	0.36177
100	50	5e-05	0.36178
110	50	5e-05	0.36179
120	50	6e-05	0.3618
130	50	6e-05	0.36181
140	50	6e-05	0.36182
150	50	7e-05	0.36184
160	50	7e-05	0.36185
170	50	8e-05	0.36187
180	50	8e-05	0.36188
190	50	8e-05	0.3619
0	60	0	0.36172
10	60	1e-05	0.36172
20	60	1e-05	0.36172
30	60	2e-05	0.36173
40	60	2e-05	0.36173
50	60	3e-05	0.36173
60	60	3e-05	0.36174
70	60	4e-05	0.36175
80	60	4e-05	0.36175
90	60	5e-05	0.36176
100	60	6e-05	0.36177
110	60	6e-05	0.36178
120	60	7e-05	0.36179
130	60	7e-05	0.3618
140	60	8e-05	0.36181
150	60	8e-05	0.36183
160	60	9e-05	0.36184
170	60	9e-05	0.36186
180	60	0.0001	0.36187
190	60	0.0001	0.36189
0	70	0	0.36171
10	70	1e-05	0.36171
20	70	1e-05	0.36171
30	70	2e-05	0.36171
40	70	3e-05	0.36172
50	70	3e-05	0.36172
60	70	4e-05	0.36173
70	70	5e-05	0.36173
80	70	5e-05	0.36174
90	70	6e-05	0.36175
100	70	6e-05	0.36176
110	70	7e-05	0.36177
120	70	8e-05	0.36178
130	70	8e-05	0.36179
140	70	9e-05	0.3618
150	70	0.0001	0.36182
160	70	0.0001	0.36183
170	70	0.00011	0.36185
180	70	0.00011	0.36186
190	70	0.00012	0.36188
0	80	0	0.3617
10	80	1e-05	0.3617
20	80	2e-05	0.3617
30	80	2e-05	0.3617
40	80	3e-05	0.3617
50	80	4e-05	0.36171
60	80	5e-05	0.36171
70	80	5e-05	0.36172
80	80	6e-05	0.36173
90	80	7e-05	0.36174
100	80	7e-05	0.36174
110	80	8e-05	0.36175
120	80	9e-05	0.36177
130	80	0.0001	0.36178
140	80	0.0001	0.36179
150	80	0.00011	0.3618
160	80	0.00012	0.36182
170	80	0.00012	0.36183
180	80	0.00013	0.36185
190	80	0.00014	0.36187
0	90	0	0.36168
10	90	1e-05	0.36168
20	90	2e-05	0.36168
30	90	3e-05	0.36168
40	90	3e-05	0.36169
50	90	4e-05	0.36169
60	90	5e-05	0.3617
70	90	6e-05	0.3617
80	90	7e-05	0.36171
90	90	8e-05	0.36172
100	90	8e-05	0.36173
110	90	9e-05	0.36174
120	90	0.0001	0.36175
130	90	0.00011	0.36176
140	90	0.00012	0.36177
150	90	0.00012	0.36179
160	90	0.00013	0.3618
170	90	0.00014	0.36182
180	90	0.00015	0.36183
190	90	0.00015	0.36185
0	100	0	0.36166
10	100	1e-05	0.36166
20	100	2e-05	0.36166
30	100	3e-05	0.36167
40	100	4e-05	0.36167
50	100	5e-05	0.36167
60	100	6e-05	0.36168
70	100	7e-05	0.36169
80	100	8e-05	0.36169
90	100	8e-05	0.3617
100	100	9e-05	0.36171
110	100	0.0001	0.36172
120	100	0.00011	0.36173
130	100	0.00012	0.36174
140	100	0.00013	0.36176
150	100	0.00014	0.36177
160	100	0.00015	0.36179
170	100	0.00016	0.3618
180	100	0.00016	0.36182
190	100	0.00017	0.36184
0	110	0	0.36164
10	110	1e-05	0.36164
20	110	2e-05	0.36164
30	110	3e-05	0.36165
40	110	4e-05	0.36165
50	110	5e-05	0.36165
60	110	6e-05	0.36166
70	110	7e-05	0.36167
80	110	8e-05	0.36167
90	110	9e-05	0.36168
100	110	0.0001	0.36169
110	110	0.00011	0.3617
120	110	0.00012	0.36171
130	110	0.00013	0.36173
140	110	0.00014	0.36174
150	110	0.00015	0.36175
160	110	0.00016	0.36177
170	110	0.00017	0.36178
180	110	0.00018	0.3618
190	110	0.00019	0.36182
0	120	0	0.36162
10	120	1e-05	0.36162
20	120	2e-05	0.36162
30	120	3e-05	0.36163
40	120	5e-05	0.36163
50	120	6e-05	0.36163
60	120	7e-05	0.36164
70	120	8e-05	0.36165
80	120	9e-05	0.36165
90	120	0.0001	0.36166
100	120	0.00011	0.36167
110	120	0.00012	0.36168
120	120	0.00014	0.36169
130	120	0.00015	0.3617
140	120	0.00016	0.36172
150	120	0.00017	0.36173
160	120	0.00018	0.36175
170	120	0.00019	0.36176
180	120	0.0002	0.36178
190	120	0.00021	0.3618
0	130	0	0.3616
10	130	1e-05	0.3616
20	130	2e-05	0.3616
30	130	4e-05	0.3616
40	130	5e-05	0.3616
50	130	6e-05	0.36161
60	130	7e-05	0.36161
70	130	9e-05	0.36162
80	130	0.0001	0.36163
90	130	0.00011	0.36164
100	130	0.00012	0.36165
110	130	0.00014	0.36166
120	130	0.00015	0.36167
130	130	0.00016	0.36168
140	130	0.00017	0.3617
150	130	0.00018	0.36171
160	130	0.00019	0.36172
170	130	0.0002	0.36174
180	130	0.00022	0.36176
190	130	0.00023	0.36178
0	140	0	0.36157
10	140	1e-05	0.36157
20	140	3e-05	0.36157
30	140	4e-05	0.36158
40	140	5e-05	0.36158
50	140	7e-05	0.36158
60	140	8e-05	0.36159
70	140	9e-05	0.3616
80	140	0.00011	0.3616
90	140	0.00012	0.36161
100	140	0.00013	0.36162
110	140	0.00015	0.36163
120	140	0.00016	0.36164
130	140	0.00017	0.36166
140	140	0.00018	0.36167
150	140	0.0002	0.36168
160	140	0.00021	0.3617
170	140	0.00022	0.36172
180	140	0.00023	0.36173
190	140	0.00024	0.36175
0	150	0	0.36154
10	150	1e-05	0.36154
20	150	3e-05	0.36154
30	150	4e-05	0.36155
40	150	6e-05	0.36155
50	150	7e-05	0.36156
60	150	9e-05	0.36156
70	150	0.0001	0.36157
80	150	0.00012	0.36158
90	150	0.00013	0.36158
100	150	0.00014	0.36159
110	150	0.00016	0.36161
120	150	0.00017	0.36162
130	150	0.00018	0.36163
140	150	0.0002	0.36164
150	150	0.00021	0.36166
160	150	0.00022	0.36167
170	150	0.00024	0.36169
180	150	0.00025	0.36171
190	150	0.00026	0.36173
0	160	0	0.36151
10	160	2e-05	0.36151
20	160	3e-05	0.36151
30	160	5e-05	0.36152
40	160	6e-05	0.36152
50	160	8e-05	0.36153
60	160	9e-05	0.36153
70	160	0.00011	0.36154
80	160	0.00012	0.36155
90	160	0.00014	0.36156
100	160	0.00015	0.36157
110	160	0.00017	0.36158
120	160	0.00018	0.36159
130	160	0.0002	0.3616
140	160	0.00021	0.36162
150	160	0.00023	0.36163
160	160	0.00024	0.36165
170	160	0.00026	0.36166
180	160	0.00027	0.36168
190	160	0.00028	0.3617
0	170	0	0.36148
10	170	2e-05	0.36148
20	170	3e-05	0.36148
30	170	5e-05	0.36148
40	170	7e-05	0.36149
50	170	8e-05	0.36149
60	170	0.0001	0.3615
70	170	0.00012	0.36151
80	170	0.00013	0.36151
90	170	0.00015	0.36152
100	170	0.00016	0.36153
110	170	0.00018	0.36154
120	170	0.0002	0.36156
130	170	0.00021	0.36157
140	170	0.00023	0.36158
150	170	0.00024	0.3616
160	170	0.00026	0.36162
170	170	0.00027	0.36163
180	170	0.00029	0.36165
190	170	0.0003	0.36167
0	180	0	0.36145
10	180	2e-05	0.36145
20	180	4e-05	0.36145
30	180	5e-05	0.36145
40	180	7e-05	0.36145
50	180	9e-05	0.36146
60	180	0.00011	0.36147
70	180	0.00012	0.36147
80	180	0.00014	0.36148
90	180	0.00016	0.36149
100	180	0.00018	0.3615
110	180	0.00019	0.36151
120	180	0.00021	0.36152
130	180	0.00023	0.36154
140	180	0.00024	0.36155
150	180	0.00026	0.36157
160	180	0.00027	0.36158
170	180	0.00029	0.3616
180	180	0.00031	0.36162
190	180	0.00032	0.36164
0	190	0	0.36141
10	190	2e-05	0.36141
20	190	4e-05	0.36141
30	190	6e-05	0.36141
40	190	8e-05	0.36142
50	190	9e-05	0.36142
60	190	0.00011	0.36143
70	190	0.00013	0.36144
80	190	0.00015	0.36144
90	190	0.00017	0.36145
100	190	0.00019	0.36146
110	190	0.0002	0.36148
120	190	0.00022	0.36149
130	190	0.00024	0.3615
140	190	0.00026	0.36152
150	190	0.00027	0.36153
160	190	0.00029	0.36155
170	190	0.00031	0.36157
180	190	0.00033	0.36159
190	190	0.00034	0.36161
0	200	0	0.36137
10	200	2e-05	0.36137
20	200	4e-05	0.36137
30	200	6e-05	0.36138
40	200	8e-05	0.36138
50	200	0.0001	0.36138
60	200	0.00012	0.36139
70	200	0.00014	0.3614
80	200	0.00016	0.36141
90	200	0.00018	0.36142
100	200	0.0002	0.36143
110	200	0.00022	0.36144
120	200	0.00024	0.36145
130	200	0.00025	0.36147
140	200	0.00027	0.36148
150	200	0.00029	0.3615
160	200	0.00031	0.36151
170	200	0.00033	0.36153
180	200	0.00034	0.36155
190	200	0.00036	0.36157
0	210	0	0.36133
10	210	2e-05	0.36133
20	210	4e-05	0.36133
30	210	6e-05	0.36133
40	210	8e-05	0.36134
50	210	0.00011	0.36134
60	210	0.00013	0.36135
70	210	0.00015	0.36136
80	210	0.00017	0.36137
90	210	0.00019	0.36138
100	210	0.00021	0.36139
110	210	0.00023	0.3614
120	210	0.00025	0.36141
130	210	0.00027	0.36143
140	210	0.00029	0.36144
150	210	0.00031	0.36146
160	210	0.00033	0.36148
170	210	0.00035	0.36149
180	210	0.00036	0.36151
190	210	0.00038	0.36153
0	220	0	0.36129
10	220	2e-05	0.36129
20	220	4e-05	0.36129
30	220	7e-05	0.36129
40	220	9e-05	0.36129
50	220	0.00011	0.3613
60	220	0.00013	0.36131
70	220	0.00016	0.36131
80	220	0.00018	0.36132
90	220	0.0002	0.36133
100	220	0.00022	0.36134
110	220	0.00024	0.36136
120	220	0.00026	0.36137
130	220	0.00028	0.36138
140	220	0.0003	0.3614
150	220	0.00032	0.36142
160	220	0.00035	0.36143
170	220	0.00036	0.36145
180	220	0.00038	0.36147
190	220	0.0004	0.36149
0	230	0	0.36124
10	230	2e-05	0.36124
20	230	5e-05	0.36124
30	230	7e-05	0.36124
40	230	9e-05	0.36125
50	230	0.00012	0.36125
60	230	0.00014	0.36126
70	230	0.00016	0.36127
80	230	0.00019	0.36128
90	230	0.00021	0.36129
100	230	0.00023	0.3613
110	230	0.00025	0.36131
120	230	0.00028	0.36133
130	230	0.0003	0.36134
140	230	0.00032	0.36136
150	230	0.00034	0.36137
160	230	0.00036	0.36139
170	230	0.00038	0.36141
180	230	0.00041	0.36143
190	230	0.00043	0.36145
0	240	0	0.36119
10	240	2e-05	0.36119
20	240	5e-05	0.36119
30	240	7e-05	0.3612
40	240	0.0001	0.3612
50	240	0.00012	0.36121
60	240	0.00015	0.36121
70	240	0.00017	0.36122
80	240	0.0002	0.36123
90	240	0.00022	0.36124
100	240	0.00024	0.36125
110	240	0.00027	0.36127
120	240	0.00029	0.36128
130	240	0.00031	0.36129
140	240	0.00034	0.36131
150	240	0.00036	0.36133
160	240	0.00038	0.36135
170	240	0.0004	0.36137
180	240	0.00043	0.36139
190	240	0.00045	0.36141
0	250	0	0.36114
10	250	3e-05	0.36114
20	250	5e-05	0.36114
30	250	8e-05	0.36115
40	250	0.0001	0.36115
50	250	0.00013	0.36116
60	250	0.00016	0.36116
70	250	0.00018	0.36117
80	250	0.00021	0.36118
90	250	0.00023	0.36119
100	250	0.00026	0.3612
110	250	0.00028	0.36122
120	250	0.00031	0.36123
130	250	0.00033	0.36125
140	250	0.00035	0.36126
150	250	0.00038	0.36128
160	250	0.0004	0.3613
170	250	0.00042	0.36132
180	250	0.00045	0.36134
190	250	0.00047	0.36136
0	260	0	0.36109
10	260	3e-05	0.36109
20	260	5e-05	0.36109
30	260	8e-05	0.36109
40	260	0.00011	0.3611
50	260	0.00014	0.3611
60	260	0.00016	0.36111
70	260	0.00019	0.36112
80	260	0.00022	0.36113
90	260	0.00024	0.36114
100	260	0.00027	0.36115
110	260	0.0003	0.36116
120	260	0.00032	0.36118
130	260	0.00035	0.3612
140	260	0.00037	0.36121
150	260	0.0004	0.36123
160	260	0.00042	0.36125
170	260	0.00045	0.36127
180	260	0.00047	0.36129
190	260	0.00049	0.36132
0	270	0	0.36103
10	270	3e-05	0.36103
20	270	6e-05	0.36103
30	270	9e-05	0.36104
40	270	0.00011	0.36104
50	270	0.00014	0.36105
60	270	0.00017	0.36105
70	270	0.0002	0.36106
80	270	0.00023	0.36107
90	270	0.00026	0.36108
100	270	0.00028	0.3611
110	270	0.00031	0.36111
120	270	0.00034	0.36113
130	270	0.00036	0.36114
140	270	0.00039	0.36116
150	270	0.00042	0.36118
160	270	0.00044	0.3612
170	270	0.00047	0.36122
180	270	0.00049	0.36124
190	270	0.00052	0.36127
0	280	0	0.36097
10	280	3e-05	0.36097
20	280	6e-05	0.36097
30	280	9e-05	0.36098
40	280	0.00012	0.36098
50	280	0.00015	0.36099
60	280	0.00018	0.361
70	280	0.00021	0.36101
80	280	0.00024	0.36102
90	280	0.00027	0.36103
100	280	0.0003	0.36104
110	280	0.00032	0.36105
120	280	0.00035	0.36107
130	280	0.00038	0.36109
140	280	0.00041	0.3611
150	280	0.00044	0.36112
160	280	0.00046	0.36114
170	280	0.00049	0.36117
180	280	0.00052	0.36119
190	280	0.00054	0.36121
0	290	0	0.36091
10	290	3e-05	0.36091
20	290	6e-05	0.36091
30	290	9e-05	0.36092
40	290	0.00013	0.36092
50	290	0.00016	0.36093
60	290	0.00019	0.36094
70	290	0.00022	0.36094
80	290	0.00025	0.36096
90	290	0.00028	0.36097
100	290	0.00031	0.36098
110	290	0.00034	0.36099
120	290	0.00037	0.36101
130	290	0.0004	0.36103
140	290	0.00043	0.36105
150	290	0.00046	0.36107
160	290	0.00048	0.36109
170	290	0.00051	0.36111
180	290	0.00054	0.36113
190	290	0.00057	0.36116
0	300	0	0.36085
10	300	3e-05	0.36085
20	300	7e-05	0.36085
30	300	0.0001	0.36085
40	300	0.00013	0.36086
50	300	0.00016	0.36086
60	300	0.0002	0.36087
70	300	0.00023	0.36088
80	300	0.00026	0.36089
90	300	0.00029	0.3609
100	300	0.00032	0.36092
110	300	0.00036	0.36093
120	300	0.00039	0.36095
130	300	0.00042	0.36097
140	300	0.00045	0.36099
150	300	0.00048	0.36101
160	300	0.00051	0.36103
170	300	0.00054	0.36105
180	300	0.00056	0.36107
190	300	0.00059	0.3611
0	310	0	0.36078
10	310	3e-05	0.36078
20	310	7e-05	0.36078
30	310	0.0001	0.36079
40	310	0.00014	0.36079
50	310	0.00017	0.3608
60	310	0.00021	0.36081
70	310	0.00024	0.36081
80	310	0.00027	0.36083
90	310	0.00031	0.36084
100	310	0.00034	0.36085
110	310	0.00037	0.36087
120	310	0.0004	0.36088
130	310	0.00044	0.3609
140	310	0.00047	0.36092
150	310	0.0005	0.36094
160	310	0.00053	0.36097
170	310	0.00056	0.36099
180	310	0.00059	0.36101
190	310	0.00062	0.36104
0	320	0	0.36071
10	320	4e-05	0.36071
20	320	7e-05	0.36071
30	320	0.00011	0.36071
40	320	0.00014	0.36072
50	320	0.00018	0.36073
60	320	0.00021	0.36074
70	320	0.00025	0.36075
80	320	0.00028	0.36076
90	320	0.00032	0.36077
100	320	0.00035	0.36078
110	320	0.00039	0.3608
120	320	0.00042	0.36082
130	320	0.00045	0.36084
140	320	0.00049	0.36086
150	320	0.00052	0.36088
160	320	0.00055	0.3609
170	320	0.00058	0.36092
180	320	0.00061	0.36095
190	320	0.00064	0.36098
0	330	0	0.36063
10	330	4e-05	0.36064
20	330	7e-05	0.36064
30	330	0.00011	0.36064
40	330	0.00015	0.36065
50	330	0.00019	0.36065
60	330	0.00022	0.36066
70	330	0.00026	0.36067
80	330	0.0003	0.36069
90	330	0.00033	0.3607
100	330	0.00037	0.36071
110	330	0.0004	0.36073
120	330	0.00044	0.36075
130	330	0.00047	0.36077
140	330	0.00051	0.36079
150	330	0.00054	0.36081
160	330	0.00058	0.36083
170	330	0.00061	0.36086
180	330	0.00064	0.36088
190	330	0.00067	0.36091
0	340	0	0.36056
10	340	4e-05	0.36056
20	340	8e-05	0.36056
30	340	0.00012	0.36057
40	340	0.00016	0.36057
50	340	0.00019	0.36058
60	340	0.00023	0.36059
70	340	0.00027	0.3606
80	340	0.00031	0.36061
90	340	0.00035	0.36062
100	340	0.00038	0.36064
110	340	0.00042	0.36066
120	340	0.00046	0.36067
130	340	0.00049	0.36069
140	340	0.00053	0.36072
150	340	0.00057	0.36074
160	340	0.0006	0.36076
170	340	0.00063	0.36079
180	340	0.00067	0.36082
190	340	0.0007	0.36084
0	350	0	0.36048
10	350	4e-05	0.36048
20	350	8e-05	0.36048
30	350	0.00012	0.36049
40	350	0.00016	0.36049
50	350	0.0002	0.3605
60	350	0.00024	0.36051
70	350	0.00028	0.36052
80	350	0.00032	0.36053
90	350	0.00036	0.36055
100	350	0.0004	0.36056
110	350	0.00044	0.36058
120	350	0.00048	0.3606
130	350	0.00052	0.36062
140	350	0.00055	0.36064
150	350	0.00059	0.36066
160	350	0.00063	0.36069
170	350	0.00066	0.36072
180	350	0.0007	0.36074
190	350	0.00073	0.36077
0	360	0	0.36039
10	360	4e-05	0.3604
20	360	8e-05	0.3604
30	360	0.00013	0.3604
40	360	0.00017	0.36041
50	360	0.00021	0.36042
60	360	0.00025	0.36043
70	360	0.00029	0.36044
80	360	0.00034	0.36045
90	360	0.00038	0.36047
100	360	0.00042	0.36048
110	360	0.00046	0.3605
120	360	0.0005	0.36052
130	360	0.00054	0.36054
140	360	0.00058	0.36056
150	360	0.00061	0.36059
160	360	0.00065	0.36061
170	360	0.00069	0.36064
180	360	0.00072	0.36067
190	360	0.00076	0.3607
0	370	0	0.36031
10	370	4e-05	0.36031
20	370	9e-05	0.36031
30	370	0.00013	0.36032
40	370	0.00018	0.36032
50	370	0.00022	0.36033
60	370	0.00026	0.36034
70	370	0.00031	0.36035
80	370	0.00035	0.36037
90	370	0.00039	0.36038
100	370	0.00044	0.3604
110	370	0.00048	0.36042
120	370	0.00052	0.36044
130	370	0.00056	0.36046
140	370	0.0006	0.36048
150	370	0.00064	0.36051
160	370	0.00068	0.36053
170	370	0.00072	0.36056
180	370	0.00075	0.36059
190	370	0.00079	0.36062
0	380	0	0.36022
10	380	5e-05	0.36022
20	380	9e-05	0.36022
30	380	0.00014	0.36023
40	380	0.00018	0.36023
50	380	0.00023	0.36024
60	380	0.00027	0.36025
70	380	0.00032	0.36026
80	380	0.00036	0.36028
90	380	0.00041	0.36029
100	380	0.00045	0.36031
110	380	0.0005	0.36033
120	380	0.00054	0.36035
130	380	0.00058	0.36037
140	380	0.00062	0.3604
150	380	0.00067	0.36042
160	380	0.00071	0.36045
170	380	0.00075	0.36048
180	380	0.00079	0.36051
190	380	0.00082	0.36054
0	390	0	0.36012
10	390	5e-05	0.36012
20	390	0.0001	0.36013
30	390	0.00014	0.36013
40	390	0.00019	0.36014
50	390	0.00024	0.36015
60	390	0.00029	0.36016
70	390	0.00033	0.36017
80	390	0.00038	0.36019
90	390	0.00043	0.3602
100	390	0.00047	0.36022
110	390	0.00052	0.36024
120	390	0.00056	0.36026
130	390	0.00061	0.36028
140	390	0.00065	0.36031
150	390	0.00069	0.36034
160	390	0.00073	0.36036
170	390	0.00078	0.36039
180	390	0.00082	0.36043
190	390	0.00086	0.36046
0	400	0	0.36003
10	400	5e-05	0.36003
20	400	0.0001	0.36003
30	400	0.00015	0.36003
40	400	0.0002	0.36004
50	400	0.00025	0.36005
60	400	0.0003	0.36006
70	400	0.00035	0.36007
80	400	0.0004	0.36009
90	400	0.00044	0.36011
100	400	0.00049	0.36012
110	400	0.00054	0.36015
120	400	0.00058	0.36017
130	400	0.00063	0.36019
140	400	0.00068	0.36022
150	400	0.00072	0.36025
160	400	0.00076	0.36027
170	400	0.00081	0.36031
180	400	0.00085	0.36034
190	400	0.00089	0.36037
0	410	0	0.35992
10	410	5e-05	0.35992
20	410	0.0001	0.35993
30	410	0.00016	0.35993
40	410	0.00021	0.35994
50	410	0.00026	0.35995
60	410	0.00031	0.35996
70	410	0.00036	0.35997
80	410	0.00041	0.35999
90	410	0.00046	0.36001
100	410	0.00051	0.36003
110	410	0.00056	0.36005
120	410	0.00061	0.36007
130	410	0.00066	0.3601
140	410	0.0007	0.36012
150	410	0.00075	0.36015
160	410	0.0008	0.36018
170	410	0.00084	0.36021
180	410	0.00088	0.36025
190	410	0.00093	0.36028
0	420	0	0.35982
10	420	5e-05	0.35982
20	420	0.00011	0.35982
30	420	0.00016	0.35983
40	420	0.00022	0.35983
50	420	0.00027	0.35984
60	420	0.00032	0.35986
70	420	0.00038	0.35987
80	420	0.00043	0.35989
90	420	0.00048	0.3599
100	420	0.00053	0.35992
110	420	0.00058	0.35995
120	420	0.00063	0.35997
130	420	0.00068	0.36
140	420	0.00073	0.36002
150	420	0.00078	0.36005
160	420	0.00083	0.36008
170	420	0.00087	0.36012
180	420	0.00092	0.36015
190	420	0.00096	0.36019
0	430	0	0.35971
10	430	6e-05	0.35971
20	430	0.00011	0.35971
30	430	0.00017	0.35972
40	430	0.00022	0.35973
50	430	0.00028	0.35974
60	430	0.00034	0.35975
70	430	0.00039	0.35976
80	430	0.00045	0.35978
90	430	0.0005	0.3598
100	430	0.00055	0.35982
110	430	0.00061	0.35984
120	430	0.00066	0.35987
130	430	0.00071	0.35989
140	430	0.00076	0.35992
150	430	0.00081	0.35995
160	430	0.00086	0.35998
170	430	0.00091	0.36002
180	430	0.00096	0.36005
190	430	0.001	0.36009
0	440	0	0.35959
10	440	6e-05	0.35959
20	440	0.00012	0.3596
30	440	0.00018	0.3596
40	440	0.00023	0.35961
50	440	0.00029	0.35962
60	440	0.00035	0.35963
70	440	0.00041	0.35965
80	440	0.00046	0.35967
90	440	0.00052	0.35969
100	440	0.00058	0.35971
110	440	0.00063	0.35973
120	440	0.00068	0.35976
130	440	0.00074	0.35978
140	440	0.00079	0.35981
150	440	0.00084	0.35985
160	440	0.00089	0.35988
170	440	0.00094	0.35992
180	440	0.00099	0.35995
190	440	0.00104	0.35999
0	450	0	0.35947
10	450	6e-05	0.35947
20	450	0.00012	0.35948
30	450	0.00018	0.35948
40	450	0.00024	0.35949
50	450	0.0003	0.3595
60	450	0.00036	0.35952
70	450	0.00042	0.35953
80	450	0.00048	0.35955
90	450	0.00054	0.35957
100	450	0.0006	0.35959
110	450	0.00066	0.35962
120	450	0.00071	0.35964
130	450	0.00077	0.35967
140	450	0.00082	0.3597
150	450	0.00088	0.35974
160	450	0.00093	0.35977
170	450	0.00098	0.35981
180	450	0.00103	0.35985
190	450	0.00108	0.35989
0	460	0	0.35935
10	460	6e-05	0.35935
20	460	0.00013	0.35935
30	460	0.00019	0.35936
40	460	0.00025	0.35937
50	460	0.00032	0.35938
60	460	0.00038	0.35939
70	460	0.00044	0.35941
80	460	0.0005	0.35943
90	460	0.00056	0.35945
100	460	0.00062	0.35947
110	460	0.00068	0.3595
120	460	0.00074	0.35953
130	460	0.0008	0.35956
140	460	0.00086	0.35959
150	460	0.00091	0.35962
160	460	0.00097	0.35966
170	460	0.00102	0.3597
180	460	0.00107	0.35974
190	460	0.00113	0.35978
0	470	0	0.35922
10	470	7e-05	0.35922
20	470	0.00013	0.35922
30	470	0.0002	0.35923
40	470	0.00026	0.35924
50	470	0.00033	0.35925
60	470	0.00039	0.35927
70	470	0.00046	0.35928
80	470	0.00052	0.3593
90	470	0.00058	0.35932
100	470	0.00065	0.35935
110	470	0.00071	0.35937
120	470	0.00077	0.3594
130	470	0.00083	0.35943
140	470	0.00089	0.35947
150	470	0.00095	0.3595
160	470	0.001	0.35954
170	470	0.00106	0.35958
180	470	0.00112	0.35962
190	470	0.00117	0.35967
0	480	0	0.35908
10	480	7e-05	0.35909
20	480	0.00014	0.35909
30	480	0.00021	0.3591
40	480	0.00027	0.35911
50	480	0.00034	0.35912
60	480	0.00041	0.35913
70	480	0.00048	0.35915
80	480	0.00054	0.35917
90	480	0.00061	0.35919
100	480	0.00067	0.35922
110	480	0.00074	0.35925
120	480	0.0008	0.35928
130	480	0.00086	0.35931
140	480	0.00092	0.35934
150	480	0.00098	0.35938
160	480	0.00104	0.35942
170	480	0.0011	0.35946
180	480	0.00116	0.3595
190	480	0.00121	0.35955
0	490	0	0.35894
10	490	7e-05	0.35895
20	490	0.00014	0.35895
30	490	0.00021	0.35896
40	490	0.00028	0.35897
50	490	0.00036	0.35898
60	490	0.00043	0.359
70	490	0.00049	0.35901
80	490	0.00056	0.35903
90	490	0.00063	0.35906
100	490	0.0007	0.35908
110	490	0.00077	0.35911
120	490	0.00083	0.35914
130	490	0.0009	0.35918
140	490	0.00096	0.35921
150	490	0.00102	0.35925
160	490	0.00109	0.35929
170	490	0.00115	0.35934
180	490	0.0012	0.35938
190	490	0.00126	0.35943
0	500	0	0.3588
10	500	7e-05	0.3588
20	500	0.00015	0.35881
30	500	0.00022	0.35881
40	500	0.0003	0.35882
50	500	0.00037	0.35884
60	500	0.00044	0.35885
70	500	0.00051	0.35887
80	500	0.00059	0.35889
90	500	0.00066	0.35892
100	500	0.00073	0.35894
110	500	0.0008	0.35897
120	500	0.00087	0.35901
130	500	0.00093	0.35904
140	500	0.001	0.35908
150	500	0.00106	0.35912
160	500	0.00113	0.35916
170	500	0.00119	0.35921
180	500	0.00125	0.35925
190	500	0.00131	0.3593
0	510	0	0.35865
10	510	8e-05	0.35865
20	510	0.00015	0.35865
30	510	0.00023	0.35866
40	510	0.00031	0.35867
50	510	0.00038	0.35869
60	510	0.00046	0.3587
70	510	0.00054	0.35872
80	510	0.00061	0.35874
90	510	0.00068	0.35877
100	510	0.00076	0.3588
110	510	0.00083	0.35883
120	510	0.0009	0.35886
130	510	0.00097	0.3589
140	510	0.00104	0.35894
150	510	0.00111	0.35898
160	510	0.00117	0.35903
170	510	0.00124	0.35907
180	510	0.0013	0.35912
190	510	0.00136	0.35917
0	520	0	0.35849
10	520	8e-05	0.35849
20	520	0.00016	0.3585
30	520	0.00024	0.3585
40	520	0.00032	0.35852
50	520	0.0004	0.35853
60	520	0.00048	0.35855
70	520	0.00056	0.35857
80	520	0.00063	0.35859
90	520	0.00071	0.35862
100	520	0.00079	0.35865
110	520	0.00086	0.35868
120	520	0.00094	0.35872
130	520	0.00101	0.35875
140	520	0.00108	0.35879
150	520	0.00115	0.35884
160	520	0.00122	0.35888
170	520	0.00129	0.35893
180	520	0.00135	0.35898
190	520	0.00142	0.35904
0	530	0	0.35833
10	530	8e-05	0.35833
20	530	0.00017	0.35833
30	530	0.00025	0.35834
40	530	0.00033	0.35835
50	530	0.00042	0.35837
60	530	0.0005	0.35839
70	530	0.00058	0.35841
80	530	0.00066	0.35843
90	530	0.00074	0.35846
100	530	0.00082	0.35849
110	530	0.0009	0.35852
120	530	0.00097	0.35856
130	530	0.00105	0.3586
140	530	0.00112	0.35864
150	530	0.0012	0.35869
160	530	0.00127	0.35874
170	530	0.00134	0.35879
180	530	0.00141	0.35884
190	530	0.00147	0.3589
0	540	0	0.35816
10	540	9e-05	0.35816
20	540	0.00017	0.35816
30	540	0.00026	0.35817
40	540	0.00035	0.35818
50	540	0.00043	0.3582
60	540	0.00052	0.35822
70	540	0.0006	0.35824
80	540	0.00069	0.35827
90	540	0.00077	0.35829
100	540	0.00085	0.35833
110	540	0.00093	0.35836
120	540	0.00101	0.3584
130	540	0.00109	0.35844
140	540	0.00117	0.35849
150	540	0.00124	0.35853
160	540	0.00132	0.35858
170	540	0.00139	0.35864
180	540	0.00146	0.35869
190	540	0.00153	0.35875
0	550	0	0.35798
10	550	9e-05	0.35798
20	550	0.00018	0.35799
30	550	0.00027	0.35799
40	550	0.00036	0.35801
50	550	0.00045	0.35802
60	550	0.00054	0.35804
70	550	0.00063	0.35807
80	550	0.00071	0.35809
90	550	0.0008	0.35812
100	550	0.00089	0.35816
110	550	0.00097	0.35819
120	550	0.00105	0.35823
130	550	0.00113	0.35828
140	550	0.00121	0.35832
150	550	0.00129	0.35837
160	550	0.00137	0.35843
170	550	0.00145	0.35848
180	550	0.00152	0.35854
190	550	0.00159	0.3586
0	560	0	0.35779
10	560	9e-05	0.35779
20	560	0.00019	0.3578
30	560	0.00028	0.35781
40	560	0.00038	0.35782
50	560	0.00047	0.35784
60	560	0.00056	0.35786
70	560	0.00065	0.35789
80	560	0.00074	0.35791
90	560	0.00083	0.35795
100	560	0.00092	0.35798
110	560	0.00101	0.35802
120	560	0.0011	0.35806
130	560	0.00118	0.35811
140	560	0.00126	0.35815
150	560	0.00135	0.35821
160	560	0.00142	0.35826
170	560	0.0015	0.35832
180	560	0.00158	0.35838
190	560	0.00165	0.35844
0	570	0	0.3576
10	570	0.0001	0.3576
20	570	0.0002	0.35761
30	570	0.00029	0.35762
40	570	0.00039	0.35763
50	570	0.00049	0.35765
60	570	0.00058	0.35767
70	570	0.00068	0.3577
80	570	0.00077	0.35773
90	570	0.00087	0.35776
100	570	0.00096	0.3578
110	570	0.00105	0.35784
120	570	0.00114	0.35788
130	570	0.00123	0.35793
140	570	0.00131	0.35798
150	570	0.0014	0.35803
160	570	0.00148	0.35809
170	570	0.00156	0.35815
180	570	0.00164	0.35821
190	570	0.00172	0.35828
0	580	0	0.3574
10	580	0.0001	0.3574
20	580	0.0002	0.35741
30	580	0.00031	0.35742
40	580	0.00041	0.35743
50	580	0.00051	0.35745
60	580	0.00061	0.35747
70	580	0.00071	0.3575
80	580	0.00081	0.35753
90	580	0.0009	0.35757
100	580	0.001	0.3576
110	580	0.00109	0.35765
120	580	0.00119	0.35769
130	580	0.00128	0.35774
140	580	0.00137	0.3578
150	580	0.00146	0.35785
160	580	0.00154	0.35791
170	580	0.00163	0.35797
180	580	0.00171	0.35804
190	580	0.00179	0.35811
0	590	0	0.35719
10	590	0.00011	0.35719
20	590	0.00021	0.3572
30	590	0.00032	0.35721
40	590	0.00042	0.35723
50	590	0.00053	0.35725
60	590	0.00063	0.35727
70	590	0.00074	0.3573
80	590	0.00084	0.35733
90	590	0.00094	0.35737
100	590	0.00104	0.35741
110	590	0.00114	0.35745
120	590	0.00124	0.3575
130	590	0.00133	0.35755
140	590	0.00142	0.35761
150	590	0.00152	0.35766
160	590	0.0016	0.35773
170	590	0.00169	0.35779
180	590	0.00178	0.35786
190	590	0.00186	0.35793
0	600	0	0.35697
10	600	0.00011	0.35698
20	600	0.00022	0.35698
30	600	0.00033	0.35699
40	600	0.00044	0.35701
50	600	0.00055	0.35703
60	600	0.00066	0.35706
70	600	0.00077	0.35708
80	600	0.00087	0.35712
90	600	0.00098	0.35716
100	600	0.00108	0.3572
110	600	0.00119	0.35724
120	600	0.00129	0.3573
130	600	0.00139	0.35735
140	600	0.00148	0.35741
150	600	0.00158	0.35747
160	600	0.00167	0.35753
170	600	0.00176	0.3576
180	600	0.00185	0.35767
190	600	0.00193	0.35775
0	610	0	0.35675
10	610	0.00012	0.35675
20	610	0.00023	0.35676
30	610	0.00035	0.35677
40	610	0.00046	0.35679
50	610	0.00058	0.35681
60	610	0.00069	0.35683
70	610	0.0008	0.35686
80	610	0.00091	0.3569
90	610	0.00102	0.35694
100	610	0.00113	0.35698
110	610	0.00124	0.35703
120	610	0.00134	0.35708
130	610	0.00144	0.35714
140	610	0.00154	0.3572
150	610	0.00164	0.35727
160	610	0.00174	0.35733
170	610	0.00183	0.35741
180	610	0.00192	0.35748
190	610	0.00201	0.35756
0	620	0	0.35651
10	620	0.00012	0.35651
20	620	0.00024	0.35652
30	620	0.00036	0.35653
40	620	0.00048	0.35655
50	620	0.0006	0.35657
60	620	0.00072	0.3566
70	620	0.00083	0.35663
80	620	0.00095	0.35667
90	620	0.00106	0.35671
100	620	0.00118	0.35676
110	620	0.00129	0.35681
120	620	0.0014	0.35686
130	620	0.0015	0.35692
140	620	0.00161	0.35699
150	620	0.00171	0.35705
160	620	0.00181	0.35713
170	620	0.00191	0.3572
180	620	0.002	0.35728
190	620	0.00209	0.35736
0	630	0	0.35626
10	630	0.00013	0.35627
20	630	0.00025	0.35627
30	630	0.00038	0.35629
40	630	0.0005	0.35631
50	630	0.00063	0.35633
60	630	0.00075	0.35636
70	630	0.00087	0.35639
80	630	0.00099	0.35643
90	630	0.00111	0.35648
100	630	0.00123	0.35652
110	630	0.00134	0.35658
120	630	0.00145	0.35664
130	630	0.00157	0.3567
140	630	0.00168	0.35676
150	630	0.00178	0.35684
160	630	0.00189	0.35691
170	630	0.00199	0.35699
180	630	0.00208	0.35707
190	630	0.00218	0.35716
0	640	0	0.35601
10	640	0.00013	0.35601
20	640	0.00026	0.35602
30	640	0.00039	0.35603
40	640	0.00052	0.35605
50	640	0.00065	0.35608
60	640	0.00078	0.35611
70	640	0.00091	0.35614
80	640	0.00103	0.35618
90	640	0.00116	0.35623
100	640	0.00128	0.35628
110	640	0.0014	0.35634
120	640	0.00152	0.3564
130	640	0.00163	0.35646
140	640	0.00175	0.35653
150	640	0.00186	0.35661
160	640	0.00196	0.35669
170	640	0.00207	0.35677
180	640	0.00217	0.35685
190	640	0.00227	0.35694
0	650	0	0.35574
10	650	0.00014	0.35574
20	650	0.00027	0.35575
30	650	0.00041	0.35576
40	650	0.00055	0.35579
50	650	0.00068	0.35581
60	650	0.00081	0.35584
70	650	0.00095	0.35588
80	650	0.00108	0.35592
90	650	0.00121	0.35597
100	650	0.00133	0.35603
110	650	0.00146	0.35608
120	650	0.00158	0.35615
130	650	0.0017	0.35622
140	650	0.00182	0.35629
150	650	0.00193	0.35637
160	650	0.00205	0.35645
170	650	0.00216	0.35654
180	650	0.00226	0.35663
190	650	0.00236	0.35672
0	660	0	0.35546
10	660	0.00014	0.35546
20	660	0.00029	0.35547
30	660	0.00043	0.35549
40	660	0.00057	0.35551
50	660	0.00071	0.35554
60	660	0.00085	0.35557
70	660	0.00099	0.35561
80	660	0.00112	0.35565
90	660	0.00126	0.3557
100	660	0.00139	0.35576
110	660	0.00152	0.35582
120	660	0.00165	0.35589
130	660	0.00177	0.35596
140	660	0.0019	0.35604
150	660	0.00202	0.35612
160	660	0.00213	0.35621
170	660	0.00225	0.3563
180	660	0.00236	0.35639
190	660	0.00246	0.35649
0	670	0	0.35517
10	670	0.00015	0.35517
20	670	0.0003	0.35518
30	670	0.00045	0.3552
40	670	0.00059	0.35522
50	670	0.00074	0.35525
60	670	0.00089	0.35528
70	670	0.00103	0.35532
80	670	0.00117	0.35537
90	670	0.00131	0.35542
100	670	0.00145	0.35548
110	670	0.00159	0.35555
120	670	0.00172	0.35562
130	670	0.00185	0.3557
140	670	0.00198	0.35578
150	670	0.0021	0.35586
160	670	0.00222	0.35595
170	670	0.00234	0.35605
180	670	0.00246	0.35615
190	670	0.00257	0.35625
0	680	0	0.35486
10	680	0.00016	0.35486
20	680	0.00031	0.35487
30	680	0.00047	0.35489
40	680	0.00062	0.35492
50	680	0.00077	0.35495
60	680	0.00093	0.35498
70	680	0.00108	0.35503
80	680	0.00123	0.35508
90	680	0.00137	0.35513
100	680	0.00152	0.3552
110	680	0.00166	0.35526
120	680	0.0018	0.35534
130	680	0.00193	0.35542
140	680	0.00207	0.3555
150	680	0.00219	0.35559
160	680	0.00232	0.35569
170	680	0.00244	0.35579
180	680	0.00256	0.3559
190	680	0.00268	0.35601
0	690	0	0.35454
10	690	0.00016	0.35455
20	690	0.00033	0.35456
30	690	0.00049	0.35457
40	690	0.00065	0.3546
50	690	0.00081	0.35463
60	690	0.00097	0.35467
70	690	0.00112	0.35472
80	690	0.00128	0.35477
90	690	0.00143	0.35483
100	690	0.00158	0.3549
110	690	0.00173	0.35497
120	690	0.00188	0.35505
130	690	0.00202	0.35513
140	690	0.00216	0.35522
150	690	0.00229	0.35532
160	690	0.00242	0.35542
170	690	0.00255	0.35552
180	690	0.00267	0.35563
190	690	0.00279	0.35575
0	700	0	0.35421
10	700	0.00017	0.35421
20	700	0.00034	0.35422
30	700	0.00051	0.35424
40	700	0.00068	0.35427
50	700	0.00085	0.3543
60	700	0.00101	0.35434
70	700	0.00118	0.35439
80	700	0.00134	0.35445
90	700	0.0015	0.35451
100	700	0.00165	0.35458
110	700	0.00181	0.35466
120	700	0.00196	0.35474
130	700	0.00211	0.35483
140	700	0.00225	0.35492
150	700	0.00239	0.35502
160	700	0.00253	0.35513
170	700	0.00266	0.35524
180	700	0.00279	0.35536
190	700	0.00291	0.35548
0	710	0	0.35386
10	710	0.00018	0.35386
20	710	0.00036	0.35388
30	710	0.00053	0.3539
40	710	0.00071	0.35392
50	710	0.00088	0.35396
60	710	0.00106	0.354
70	710	0.00123	0.35406
80	710	0.0014	0.35411
90	710	0.00156	0.35418
100	710	0.00173	0.35425
110	710	0.00189	0.35433
120	710	0.00205	0.35442
130	710	0.0022	0.35451
140	710	0.00235	0.35461
150	710	0.0025	0.35472
160	710	0.00264	0.35483
170	710	0.00278	0.35495
180	710	0.00291	0.35507
190	710	0.00304	0.3552
0	720	0	0.3535
10	720	0.00019	0.3535
20	720	0.00037	0.35351
30	720	0.00056	0.35353
40	720	0.00074	0.35356
50	720	0.00093	0.3536
60	720	0.00111	0.35365
70	720	0.00129	0.3537
80	720	0.00146	0.35376
90	720	0.00164	0.35383
100	720	0.00181	0.35391
110	720	0.00198	0.35399
120	720	0.00214	0.35409
130	720	0.0023	0.35419
140	720	0.00246	0.35429
150	720	0.00261	0.3544
160	720	0.00276	0.35452
170	720	0.0029	0.35464
180	720	0.00304	0.35477
190	720	0.00317	0.35491
0	730	0	0.35311
10	730	0.0002	0.35312
20	730	0.00039	0.35313
30	730	0.00058	0.35315
40	730	0.00078	0.35319
50	730	0.00097	0.35323
60	730	0.00116	0.35327
70	730	0.00135	0.35333
80	730	0.00153	0.3534
90	730	0.00171	0.35347
100	730	0.00189	0.35355
110	730	0.00207	0.35364
120	730	0.00224	0.35374
130	730	0.0024	0.35384
140	730	0.00257	0.35395
150	730	0.00273	0.35407
160	730	0.00288	0.3542
170	730	0.00303	0.35433
180	730	0.00317	0.35446
190	730	0.00331	0.3546
0	740	0	0.35271
10	740	0.0002	0.35272
20	740	0.00041	0.35273
30	740	0.00061	0.35276
40	740	0.00081	0.35279
50	740	0.00101	0.35283
60	740	0.00121	0.35288
70	740	0.00141	0.35294
80	740	0.0016	0.35301
90	740	0.00179	0.35309
100	740	0.00198	0.35318
110	740	0.00216	0.35327
120	740	0.00234	0.35337
130	740	0.00252	0.35348
140	740	0.00269	0.3536
150	740	0.00285	0.35373
160	740	0.00301	0.35386
170	740	0.00317	0.35399
180	740	0.00332	0.35414
190	740	0.00346	0.35429
0	750	0	0.3523
10	750	0.00021	0.3523
20	750	0.00043	0.35232
30	750	0.00064	0.35234
40	750	0.00085	0.35238
50	750	0.00106	0.35242
60	750	0.00127	0.35248
70	750	0.00147	0.35254
80	750	0.00168	0.35261
90	750	0.00188	0.35269
100	750	0.00207	0.35279
110	750	0.00226	0.35289
120	750	0.00245	0.35299
130	750	0.00263	0.35311
140	750	0.00281	0.35323
150	750	0.00298	0.35337
160	750	0.00315	0.3535
170	750	0.00331	0.35365
180	750	0.00347	0.3538
190	750	0.00361	0.35396
0	760	0	0.35186
10	760	0.00022	0.35186
20	760	0.00045	0.35188
30	760	0.00067	0.35191
40	760	0.00089	0.35194
50	760	0.00111	0.35199
60	760	0.00133	0.35205
70	760	0.00155	0.35211
80	760	0.00176	0.35219
90	760	0.00197	0.35228
100	760	0.00217	0.35238
110	760	0.00237	0.35248
120	760	0.00257	0.3526
130	760	0.00276	0.35272
140	760	0.00294	0.35285
150	760	0.00312	0.35299
160	760	0.00329	0.35314
170	760	0.00346	0.35329
180	760	0.00362	0.35345
190	760	0.00378	0.35361
0	770	0	0.3514
10	770	0.00024	0.3514
20	770	0.00047	0.35142
30	770	0.0007	0.35145
40	770	0.00094	0.35149
50	770	0.00117	0.35154
60	770	0.0014	0.3516
70	770	0.00162	0.35167
80	770	0.00184	0.35175
90	770	0.00206	0.35184
100	770	0.00227	0.35195
110	770	0.00248	0.35206
120	770	0.00269	0.35218
130	770	0.00289	0.35231
140	770	0.00308	0.35245
150	770	0.00327	0.3526
160	770	0.00345	0.35275
170	770	0.00362	0.35291
180	770	0.00379	0.35308
190	770	0.00395	0.35326
0	780	0	0.35092
10	780	0.00025	0.35092
20	780	0.00049	0.35094
30	780	0.00074	0.35097
40	780	0.00098	0.35101
50	780	0.00122	0.35106
60	780	0.00146	0.35113
70	780	0.0017	0.3512
80	780	0.00193	0.35129
90	780	0.00216	0.35139
100	780	0.00238	0.3515
110	780	0.0026	0.35162
120	780	0.00282	0.35174
130	780	0.00303	0.35188
140	780	0.00323	0.35203
150	780	0.00342	0.35218
160	780	0.00361	0.35235
170	780	0.00379	0.35252
180	780	0.00397	0.3527
190	780	0.00414	0.35288
0	790	0	0.35041
10	790	0.00026	0.35042
20	790	0.00052	0.35043
30	790	0.00078	0.35047
40	790	0.00103	0.35051
50	790	0.00129	0.35057
60	790	0.00154	0.35064
70	790	0.00178	0.35072
80	790	0.00203	0.35081
90	790	0.00227	0.35091
100	790	0.0025	0.35103
110	790	0.00273	0.35115
120	790	0.00295	0.35129
130	790	0.00317	0.35143
140	790	0.00338	0.35159
150	790	0.00359	0.35175
160	790	0.00378	0.35193
170	790	0.00397	0.35211
180	790	0.00416	0.3523
190	790	0.00433	0.35249
0	800	0	0.34988
10	800	0.00027	0.34988
20	800	0.00054	0.3499
30	800	0.00081	0.34994
40	800	0.00108	0.34998
50	800	0.00135	0.35004
60	800	0.00161	0.35012
70	800	0.00187	0.3502
80	800	0.00213	0.3503
90	800	0.00238	0.35041
100	800	0.00263	0.35053
110	800	0.00287	0.35067
120	800	0.0031	0.35081
130	800	0.00333	0.35097
140	800	0.00355	0.35113
150	800	0.00376	0.3513
160	800	0.00397	0.35149
170	800	0.00416	0.35168
180	800	0.00435	0.35188
190	800	0.00453	0.35209
0	810	0	0.34932
10	810	0.00029	0.34933
20	810	0.00057	0.34935
30	810	0.00086	0.34938
40	810	0.00114	0.34943
50	810	0.00142	0.3495
60	810	0.00169	0.34957
70	810	0.00197	0.34966
80	810	0.00224	0.34977
90	810	0.0025	0.34989
100	810	0.00276	0.35002
110	810	0.00301	0.35016
120	810	0.00325	0.35031
130	810	0.00349	0.35047
140	810	0.00372	0.35065
150	810	0.00394	0.35083
160	810	0.00416	0.35103
170	810	0.00437	0.35123
180	810	0.00456	0.35144
190	810	0.00475	0.35166
0	820	0	0.34873
10	820	0.0003	0.34874
20	820	0.0006	0.34876
30	820	0.0009	0.3488
40	820	0.0012	0.34885
50	820	0.00149	0.34892
60	820	0.00178	0.349
70	820	0.00207	0.3491
80	820	0.00235	0.34921
90	820	0.00263	0.34933
100	820	0.0029	0.34947
110	820	0.00316	0.34962
120	820	0.00342	0.34978
130	820	0.00367	0.34996
140	820	0.00391	0.35014
150	820	0.00414	0.35034
160	820	0.00436	0.35055
170	820	0.00458	0.35076
180	820	0.00478	0.35099
190	820	0.00498	0.35122
0	830	0	0.34811
10	830	0.00032	0.34812
20	830	0.00063	0.34815
30	830	0.00095	0.34819
40	830	0.00126	0.34824
50	830	0.00157	0.34831
60	830	0.00187	0.3484
70	830	0.00218	0.3485
80	830	0.00247	0.34862
90	830	0.00276	0.34875
100	830	0.00305	0.3489
110	830	0.00332	0.34906
120	830	0.00359	0.34923
130	830	0.00385	0.34942
140	830	0.0041	0.34962
150	830	0.00435	0.34982
160	830	0.00458	0.35004
170	830	0.00481	0.35027
180	830	0.00502	0.35051
190	830	0.00522	0.35076
0	840	0	0.34746
10	840	0.00033	0.34747
20	840	0.00067	0.3475
30	840	0.001	0.34754
40	840	0.00133	0.3476
50	840	0.00165	0.34768
60	840	0.00197	0.34777
70	840	0.00229	0.34788
80	840	0.0026	0.34801
90	840	0.00291	0.34815
100	840	0.0032	0.3483
110	840	0.00349	0.34847
120	840	0.00378	0.34866
130	840	0.00405	0.34885
140	840	0.00431	0.34906
150	840	0.00457	0.34928
160	840	0.00481	0.34952
170	840	0.00505	0.34976
180	840	0.00527	0.35001
190	840	0.00548	0.35027
0	850	0	0.34678
10	850	0.00035	0.34679
20	850	0.0007	0.34681
30	850	0.00105	0.34686
40	850	0.0014	0.34692
50	850	0.00174	0.34701
60	850	0.00208	0.34711
70	850	0.00241	0.34722
80	850	0.00274	0.34736
90	850	0.00306	0.34751
100	850	0.00337	0.34767
110	850	0.00368	0.34785
120	850	0.00397	0.34805
130	850	0.00426	0.34826
140	850	0.00454	0.34848
150	850	0.0048	0.34872
160	850	0.00506	0.34896
170	850	0.0053	0.34922
180	850	0.00553	0.34949
190	850	0.00575	0.34977
0	860	0	0.34606
10	860	0.00037	0.34607
20	860	0.00074	0.34609
30	860	0.00111	0.34614
40	860	0.00147	0.34621
50	860	0.00183	0.3463
60	860	0.00219	0.34641
70	860	0.00254	0.34653
80	860	0.00288	0.34667
90	860	0.00322	0.34683
100	860	0.00355	0.34701
110	860	0.00387	0.3472
120	860	0.00418	0.34741
130	860	0.00448	0.34763
140	860	0.00477	0.34787
150	860	0.00505	0.34812
160	860	0.00532	0.34838
170	860	0.00557	0.34866
180	860	0.00582	0.34894
190	860	0.00605	0.34924
0	870	0	0.34529
10	870	0.00039	0.34531
20	870	0.00078	0.34534
30	870	0.00117	0.34539
40	870	0.00155	0.34546
50	870	0.00193	0.34555
60	870	0.00231	0.34567
70	870	0.00268	0.3458
80	870	0.00304	0.34595
90	870	0.0034	0.34612
100	870	0.00374	0.34631
110	870	0.00408	0.34652
120	870	0.0044	0.34674
130	870	0.00472	0.34698
140	870	0.00502	0.34723
150	870	0.00532	0.3475
160	870	0.0056	0.34778
170	870	0.00586	0.34807
180	870	0.00611	0.34837
190	870	0.00635	0.34868
0	880	0	0.34449
10	880	0.00041	0.3445
20	880	0.00082	0.34454
30	880	0.00123	0.34459
40	880	0.00164	0.34467
50	880	0.00204	0.34477
60	880	0.00244	0.34489
70	880	0.00282	0.34503
80	880	0.00321	0.34519
90	880	0.00358	0.34538
100	880	0.00394	0.34558
110	880	0.0043	0.3458
120	880	0.00464	0.34603
130	880	0.00497	0.34629
140	880	0.00529	0.34656
150	880	0.0056	0.34684
160	880	0.00589	0.34714
170	880	0.00617	0.34745
180	880	0.00643	0.34777
190	880	0.00668	0.3481
0	890	0	0.34364
10	890	0.00044	0.34366
20	890	0.00087	0.34369
30	890	0.0013	0.34375
40	890	0.00173	0.34383
50	890	0.00215	0.34394
60	890	0.00257	0.34407
70	890	0.00298	0.34422
80	890	0.00338	0.34439
90	890	0.00378	0.34459
100	890	0.00416	0.3448
110	890	0.00453	0.34504
120	890	0.0049	0.34529
130	890	0.00524	0.34556
140	890	0.00558	0.34585
150	890	0.0059	0.34615
160	890	0.00621	0.34647
170	890	0.0065	0.3468
180	890	0.00677	0.34714
190	890	0.00703	0.3475
0	900	0	0.34275
10	900	0.00046	0.34276
20	900	0.00092	0.3428
30	900	0.00138	0.34286
40	900	0.00183	0.34295
50	900	0.00228	0.34307
60	900	0.00272	0.3432
70	900	0.00315	0.34336
80	900	0.00357	0.34355
90	900	0.00399	0.34376
100	900	0.00439	0.34399
110	900	0.00479	0.34424
120	900	0.00517	0.34451
130	900	0.00553	0.3448
140	900	0.00588	0.3451
150	900	0.00622	0.34543
160	900	0.00654	0.34576
170	900	0.00685	0.34612
180	900	0.00713	0.34648
190	900	0.0074	0.34686
0	910	0	0.3418
10	910	0.00049	0.34181
20	910	0.00097	0.34186
30	910	0.00145	0.34192
40	910	0.00193	0.34202
50	910	0.00241	0.34214
60	910	0.00287	0.34229
70	910	0.00333	0.34246
80	910	0.00378	0.34266
90	910	0.00422	0.34288
100	910	0.00464	0.34313
110	910	0.00506	0.34339
120	910	0.00546	0.34368
130	910	0.00584	0.34399
140	910	0.00621	0.34432
150	910	0.00656	0.34466
160	910	0.0069	0.34502
170	910	0.00722	0.3454
180	910	0.00752	0.34579
190	910	0.0078	0.3462
0	920	0	0.3408
10	920	0.00051	0.34081
20	920	0.00103	0.34086
30	920	0.00154	0.34093
40	920	0.00204	0.34103
50	920	0.00254	0.34116
60	920	0.00304	0.34132
70	920	0.00352	0.34151
80	920	0.00399	0.34172
90	920	0.00446	0.34195
100	920	0.00491	0.34222
110	920	0.00534	0.3425
120	920	0.00576	0.34281
130	920	0.00617	0.34314
140	920	0.00656	0.34349
150	920	0.00693	0.34386
160	920	0.00728	0.34425
170	920	0.00761	0.34465
180	920	0.00793	0.34507
190	920	0.00822	0.3455
0	930	0	0.33974
10	930	0.00055	0.33976
20	930	0.00109	0.3398
30	930	0.00163	0.33988
40	930	0.00216	0.33999
50	930	0.00269	0.34013
60	930	0.00321	0.3403
70	930	0.00373	0.3405
80	930	0.00423	0.34072
90	930	0.00472	0.34098
100	930	0.00519	0.34126
110	930	0.00565	0.34156
120	930	0.00609	0.34189
130	930	0.00652	0.34225
140	930	0.00693	0.34262
150	930	0.00732	0.34301
160	930	0.00769	0.34343
170	930	0.00804	0.34386
180	930	0.00837	0.3443
190	930	0.00867	0.34476
0	940	0	0.33862
10	940	0.00058	0.33863
20	940	0.00115	0.33868
30	940	0.00173	0.33877
40	940	0.00229	0.33888
50	940	0.00285	0.33903
60	940	0.0034	0.33921
70	940	0.00395	0.33943
80	940	0.00448	0.33967
90	940	0.00499	0.33994
100	940	0.00549	0.34024
110	940	0.00598	0.34057
120	940	0.00645	0.34092
130	940	0.0069	0.3413
140	940	0.00733	0.3417
150	940	0.00774	0.34212
160	940	0.00813	0.34257
170	940	0.00849	0.34303
180	940	0.00883	0.3435
190	940	0.00915	0.34399
0	950	0	0.33743
10	950	0.00061	0.33744
20	950	0.00122	0.3375
30	950	0.00183	0.33759
40	950	0.00243	0.33771
50	950	0.00302	0.33787
60	950	0.00361	0.33807
70	950	0.00418	0.33829
80	950	0.00474	0.33855
90	950	0.00529	0.33885
100	950	0.00582	0.33917
110	950	0.00633	0.33952
120	950	0.00683	0.3399
130	950	0.0073	0.3403
140	950	0.00775	0.34073
150	950	0.00819	0.34118
160	950	0.00859	0.34166
170	950	0.00898	0.34215
180	950	0.00933	0.34266
190	950	0.00967	0.34318
0	960	0	0.33616
10	960	0.00065	0.33618
20	960	0.0013	0.33624
30	960	0.00194	0.33634
40	960	0.00258	0.33647
50	960	0.00321	0.33664
60	960	0.00383	0.33685
70	960	0.00443	0.3371
80	960	0.00503	0.33737
90	960	0.00561	0.33769
100	960	0.00617	0.33803
110	960	0.00671	0.33841
120	960	0.00723	0.33881
130	960	0.00773	0.33925
140	960	0.00821	0.33971
150	960	0.00866	0.34019
160	960	0.00909	0.3407
170	960	0.00949	0.34123
180	960	0.00987	0.34177
190	960	0.01022	0.34233
0	970	0	0.33483
10	970	0.00069	0.33485
20	970	0.00138	0.33491
30	970	0.00206	0.33501
40	970	0.00274	0.33515
50	970	0.0034	0.33534
60	970	0.00406	0.33556
70	970	0.00471	0.33582
80	970	0.00534	0.33612
90	970	0.00595	0.33646
100	970	0.00654	0.33683
110	970	0.00712	0.33723
120	970	0.00767	0.33767
130	970	0.0082	0.33813
140	970	0.0087	0.33863
150	970	0.00918	0.33915
160	970	0.00963	0.33969
170	970	0.01005	0.34025
180	970	0.01044	0.34084
190	970	0.01081	0.34144
0	980	0	0.3334
10	980	0.00073	0.33343
20	980	0.00146	0.33349
30	980	0.00219	0.3336
40	980	0.00291	0.33376
50	980	0.00362	0.33395
60	980	0.00431	0.33419
70	980	0.005	0.33447
80	980	0.00566	0.3348
90	980	0.00631	0.33516
100	980	0.00694	0.33555
110	980	0.00755	0.33599
120	980	0.00814	0.33645
130	980	0.00869	0.33695
140	980	0.00923	0.33748
150	980	0.00973	0.33804
160	980	0.0102	0.33862
170	980	0.01065	0.33923
180	980	0.01106	0.33986
190	980	0.01144	0.3405
0	990	0	0.33189
10	990	0.00078	0.33192
20	990	0.00155	0.33199
30	990	0.00232	0.33211
40	990	0.00309	0.33227
50	990	0.00384	0.33248
60	990	0.00458	0.33274
70	990	0.00531	0.33304
80	990	0.00602	0.33339
90	990	0.00671	0.33377
100	990	0.00737	0.3342
110	990	0.00802	0.33466
120	990	0.00864	0.33517
130	990	0.00923	0.3357
140	990	0.00979	0.33627
150	990	0.01032	0.33687
160	990	0.01082	0.3375
170	990	0.01128	0.33815
180	990	0.01172	0.33882
190	990	0.01211	0.33951
0	1000	0	0.33029
10	1000	0.00083	0.33031
20	1000	0.00165	0.33039
30	1000	0.00247	0.33052
40	1000	0.00328	0.33069
50	1000	0.00408	0.33092
60	1000	0.00487	0.3312
70	1000	0.00564	0.33152
80	1000	0.0064	0.33189
90	1000	0.00713	0.3323
100	1000	0.00784	0.33276
110	1000	0.00852	0.33326
120	1000	0.00918	0.3338
130	1000	0.0098	0.33438
140	1000	0.0104	0.33499
150	1000	0.01096	0.33563
160	1000	0.01148	0.3363
170	1000	0.01197	0.337
180	1000	0.01242	0.33773
190	1000	0.01284	0.33847
0	1010	0	0.32858
10	1010	0.00088	0.3286
20	1010	0.00176	0.32869
30	1010	0.00263	0.32882
40	1010	0.00349	0.32901
50	1010	0.00435	0.32926
60	1010	0.00518	0.32955
70	1010	0.006	0.3299
80	1010	0.0068	0.3303
90	1010	0.00758	0.33075
100	1010	0.00833	0.33124
110	1010	0.00906	0.33177
120	1010	0.00975	0.33235
130	1010	0.01042	0.33297
140	1010	0.01105	0.33363
150	1010	0.01164	0.33432
160	1010	0.01219	0.33504
170	1010	0.01271	0.3358
180	1010	0.01318	0.33657
190	1010	0.01362	0.33737
0	1020	0	0.32676
10	1020	0.00094	0.32679
20	1020	0.00187	0.32688
30	1020	0.0028	0.32702
40	1020	0.00372	0.32723
50	1020	0.00463	0.32749
60	1020	0.00552	0.32781
70	1020	0.00639	0.32818
80	1020	0.00724	0.32861
90	1020	0.00807	0.32909
100	1020	0.00887	0.32962
110	1020	0.00964	0.33019
120	1020	0.01038	0.33082
130	1020	0.01108	0.33148
140	1020	0.01175	0.33219
150	1020	0.01237	0.33293
160	1020	0.01296	0.33371
170	1020	0.0135	0.33452
180	1020	0.014	0.33535
190	1020	0.01445	0.33621
0	1030	0	0.32482
10	1030	0.001	0.32485
20	1030	0.00199	0.32495
30	1030	0.00298	0.32511
40	1030	0.00396	0.32533
50	1030	0.00493	0.32561
60	1030	0.00587	0.32595
70	1030	0.0068	0.32635
80	1030	0.00771	0.32681
90	1030	0.00859	0.32732
100	1030	0.00944	0.32789
110	1030	0.01026	0.32851
120	1030	0.01105	0.32918
130	1030	0.01179	0.3299
140	1030	0.0125	0.33066
150	1030	0.01316	0.33146
160	1030	0.01378	0.33229
170	1030	0.01435	0.33316
180	1030	0.01488	0.33406
190	1030	0.01535	0.33498
0	1040	0	0.32276
10	1040	0.00106	0.32279
20	1040	0.00212	0.3229
30	1040	0.00318	0.32306
40	1040	0.00422	0.3233
50	1040	0.00525	0.3236
60	1040	0.00626	0.32397
70	1040	0.00725	0.3244
80	1040	0.00822	0.32489
90	1040	0.00915	0.32544
100	1040	0.01006	0.32605
110	1040	0.01093	0.32672
120	1040	0.01177	0.32744
130	1040	0.01256	0.32821
140	1040	0.01331	0.32903
150	1040	0.01401	0.32989
160	1040	0.01467	0.33079
170	1040	0.01527	0.33173
180	1040	0.01582	0.3327
190	1040	0.01632	0.33369
0	1050	0	0.32056
10	1050	0.00113	0.3206
20	1050	0.00226	0.32071
30	1050	0.00339	0.32089
40	1050	0.0045	0.32114
50	1050	0.00559	0.32146
60	1050	0.00667	0.32186
70	1050	0.00773	0.32232
80	1050	0.00876	0.32285
90	1050	0.00976	0.32344
100	1050	0.01072	0.3241
110	1050	0.01165	0.32481
120	1050	0.01254	0.32559
130	1050	0.01338	0.32642
140	1050	0.01418	0.3273
150	1050	0.01493	0.32823
160	1050	0.01562	0.3292
170	1050	0.01626	0.33021
180	1050	0.01684	0.33125
190	1050	0.01736	0.33232
0	1060	0	0.31822
10	1060	0.00121	0.31826
20	1060	0.00241	0.31838
30	1060	0.00361	0.31857
40	1060	0.0048	0.31884
50	1060	0.00596	0.31918
60	1060	0.00711	0.3196
70	1060	0.00824	0.3201
80	1060	0.00934	0.32067
90	1060	0.0104	0.3213
100	1060	0.01144	0.32201
110	1060	0.01243	0.32278
120	1060	0.01337	0.32361
130	1060	0.01427	0.32451
140	1060	0.01512	0.32546
150	1060	0.01591	0.32646
160	1060	0.01665	0.3275
170	1060	0.01733	0.32859
180	1060	0.01794	0.32972
190	1060	0.01849	0.33088
0	1070	0	0.31572
10	1070	0.00129	0.31576
20	1070	0.00257	0.31589
30	1070	0.00385	0.31609
40	1070	0.00511	0.31638
50	1070	0.00636	0.31675
60	1070	0.00759	0.3172
70	1070	0.00879	0.31773
80	1070	0.00996	0.31834
90	1070	0.0111	0.31902
100	1070	0.0122	0.31978
110	1070	0.01326	0.32061
120	1070	0.01427	0.32151
130	1070	0.01523	0.32247
140	1070	0.01613	0.32349
150	1070	0.01698	0.32457
160	1070	0.01776	0.3257
170	1070	0.01848	0.32688
180	1070	0.01913	0.32809
190	1070	0.01971	0.32934
0	1080	0	0.31306
10	1080	0.00137	0.3131
20	1080	0.00274	0.31324
30	1080	0.00411	0.31346
40	1080	0.00545	0.31376
50	1080	0.00679	0.31416
60	1080	0.0081	0.31464
70	1080	0.00938	0.31521
80	1080	0.01063	0.31586
90	1080	0.01185	0.31659
100	1080	0.01302	0.31741
110	1080	0.01415	0.3183
120	1080	0.01523	0.31926
130	1080	0.01626	0.3203
140	1080	0.01723	0.3214
150	1080	0.01813	0.32256
160	1080	0.01896	0.32378
170	1080	0.01972	0.32505
180	1080	0.02041	0.32636
190	1080	0.02102	0.32771
0	1090	0	0.31022
10	1090	0.00147	0.31026
20	1090	0.00293	0.31041
30	1090	0.00438	0.31064
40	1090	0.00582	0.31097
50	1090	0.00724	0.31139
60	1090	0.00864	0.31191
70	1090	0.01001	0.31251
80	1090	0.01135	0.31321
90	1090	0.01265	0.31399
100	1090	0.01391	0.31487
110	1090	0.01512	0.31582
120	1090	0.01627	0.31686
130	1090	0.01737	0.31797
140	1090	0.0184	0.31916
150	1090	0.01937	0.32041
160	1090	0.02026	0.32173
170	1090	0.02107	0.3231
180	1090	0.0218	0.32452
190	1090	0.02244	0.32598
0	1100	0	0.30719
10	1100	0.00156	0.30724
20	1100	0.00312	0.30739
30	1100	0.00467	0.30764
40	1100	0.00621	0.30799
50	1100	0.00772	0.30844
60	1100	0.00922	0.30899
70	1100	0.01068	0.30963
80	1100	0.01211	0.31038
90	1100	0.01351	0.31122
100	1100	0.01485	0.31215
110	1100	0.01615	0.31317
120	1100	0.01739	0.31429
130	1100	0.01856	0.31549
140	1100	0.01967	0.31676
150	1100	0.0207	0.31812
160	1100	0.02166	0.31954
170	1100	0.02252	0.32102
180	1100	0.0233	0.32256
190	1100	0.02398	0.32415
0	1110	0	0.30396
10	1110	0.00167	0.30401
20	1110	0.00333	0.30417
30	1110	0.00498	0.30444
40	1110	0.00662	0.30481
50	1110	0.00824	0.30529
60	1110	0.00983	0.30587
70	1110	0.0114	0.30656
80	1110	0.01293	0.30735
90	1110	0.01442	0.30825
100	1110	0.01587	0.30925
110	1110	0.01726	0.31034
120	1110	0.01859	0.31154
130	1110	0.01985	0.31282
140	1110	0.02104	0.3142
150	1110	0.02215	0.31566
160	1110	0.02317	0.3172
170	1110	0.0241	0.3188
180	1110	0.02493	0.32047
190	1110	0.02565	0.32219
0	1120	0	0.30052
10	1120	0.00178	0.30057
20	1120	0.00355	0.30074
30	1120	0.00531	0.30102
40	1120	0.00706	0.30142
50	1120	0.00878	0.30192
60	1120	0.01049	0.30254
70	1120	0.01216	0.30327
80	1120	0.0138	0.30412
90	1120	0.0154	0.30507
100	1120	0.01695	0.30614
110	1120	0.01844	0.30731
120	1120	0.01987	0.30859
130	1120	0.02123	0.30997
140	1120	0.02251	0.31145
150	1120	0.02371	0.31303
160	1120	0.0248	0.31469
170	1120	0.0258	0.31643
180	1120	0.02669	0.31823
190	1120	0.02746	0.3201
0	1130	0	0.29685
10	1130	0.00189	0.29691
20	1130	0.00378	0.29709
30	1130	0.00565	0.29738
40	1130	0.00752	0.2978
50	1130	0.00936	0.29833
60	1130	0.01118	0.29899
70	1130	0.01298	0.29976
80	1130	0.01473	0.30066
90	1130	0.01644	0.30167
100	1130	0.01811	0.3028
110	1130	0.01971	0.30406
120	1130	0.02125	0.30543
130	1130	0.02272	0.30691
140	1130	0.0241	0.3085
150	1130	0.02539	0.3102
160	1130	0.02657	0.31199
170	1130	0.02765	0.31388
180	1130	0.0286	0.31584
190	1130	0.02943	0.31786
0	1140	0	0.29295
10	1140	0.00201	0.29301
20	1140	0.00402	0.2932
30	1140	0.00602	0.29351
40	1140	0.008	0.29394
50	1140	0.00997	0.2945
60	1140	0.01192	0.29519
70	1140	0.01383	0.29601
80	1140	0.01571	0.29696
90	1140	0.01755	0.29803
100	1140	0.01934	0.29924
110	1140	0.02107	0.30057
120	1140	0.02273	0.30203
130	1140	0.02431	0.30362
140	1140	0.02581	0.30533
150	1140	0.0272	0.30716
160	1140	0.02849	0.3091
170	1140	0.02965	0.31113
180	1140	0.03068	0.31326
190	1140	0.03158	0.31547
0	1150	0	0.2888
10	1150	0.00214	0.28886
20	1150	0.00427	0.28906
30	1150	0.0064	0.28938
40	1150	0.00852	0.28984
50	1150	0.01061	0.29042
60	1150	0.01269	0.29115
70	1150	0.01474	0.29201
80	1150	0.01675	0.293
90	1150	0.01872	0.29414
100	1150	0.02065	0.29541
110	1150	0.02251	0.29683
120	1150	0.0243	0.29838
130	1150	0.02602	0.30008
140	1150	0.02764	0.30191
150	1150	0.02916	0.30388
160	1150	0.03056	0.30597
170	1150	0.03182	0.30818
180	1150	0.03295	0.31049
190	1150	0.03391	0.31289
0	1160	0	0.28439
10	1160	0.00227	0.28445
20	1160	0.00454	0.28466
30	1160	0.0068	0.28499
40	1160	0.00905	0.28547
50	1160	0.01128	0.28608
60	1160	0.0135	0.28683
70	1160	0.01569	0.28773
80	1160	0.01784	0.28877
90	1160	0.01996	0.28997
100	1160	0.02203	0.29131
110	1160	0.02404	0.29281
120	1160	0.02598	0.29446
130	1160	0.02784	0.29627
140	1160	0.02961	0.29823
150	1160	0.03127	0.30034
160	1160	0.03279	0.3026
170	1160	0.03418	0.30499
180	1160	0.03541	0.3075
190	1160	0.03646	0.31012
0	1170	0	0.27971
10	1170	0.00241	0.27978
20	1170	0.00481	0.27998
30	1170	0.00721	0.28033
40	1170	0.0096	0.28082
50	1170	0.01198	0.28146
60	1170	0.01434	0.28224
70	1170	0.01668	0.28317
80	1170	0.01898	0.28426
90	1170	0.02126	0.2855
100	1170	0.02349	0.28691
110	1170	0.02566	0.28849
120	1170	0.02776	0.29024
130	1170	0.02979	0.29216
140	1170	0.03172	0.29425
150	1170	0.03353	0.29651
160	1170	0.03521	0.29894
170	1170	0.03674	0.30153
180	1170	0.03809	0.30426
190	1170	0.03925	0.30712
0	1180	0	0.27475
10	1180	0.00255	0.27482
20	1180	0.00509	0.27504
30	1180	0.00764	0.27539
40	1180	0.01017	0.27589
50	1180	0.0127	0.27655
60	1180	0.01521	0.27735
70	1180	0.0177	0.27831
80	1180	0.02017	0.27944
90	1180	0.02261	0.28073
100	1180	0.02501	0.2822
110	1180	0.02736	0.28385
120	1180	0.02965	0.28569
130	1180	0.03186	0.28772
140	1180	0.03397	0.28994
150	1180	0.03596	0.29236
160	1180	0.03782	0.29497
170	1180	0.03951	0.29777
180	1180	0.04101	0.30074
190	1180	0.0423	0.30386
0	1190	0	0.26951
10	1190	0.00269	0.26958
20	1190	0.00538	0.2698
30	1190	0.00807	0.27016
40	1190	0.01075	0.27067
50	1190	0.01343	0.27134
60	1190	0.0161	0.27216
70	1190	0.01876	0.27314
80	1190	0.0214	0.2743
90	1190	0.02402	0.27563
100	1190	0.0266	0.27715
110	1190	0.02914	0.27887
120	1190	0.03163	0.28079
130	1190	0.03404	0.28292
140	1190	0.03636	0.28527
150	1190	0.03856	0.28785
160	1190	0.04062	0.29065
170	1190	0.04251	0.29366
180	1190	0.0442	0.29689
190	1190	0.04564	0.3003
0	1200	0	0.26399
10	1200	0.00284	0.26406
20	1200	0.00567	0.26428
30	1200	0.00851	0.26464
40	1200	0.01134	0.26515
50	1200	0.01418	0.26582
60	1200	0.01701	0.26665
70	1200	0.01984	0.26765
80	1200	0.02265	0.26882
90	1200	0.02546	0.27019
100	1200	0.02824	0.27174
110	1200	0.03099	0.27351
120	1200	0.03369	0.2755
130	1200	0.03633	0.27773
140	1200	0.03889	0.2802
150	1200	0.04134	0.28293
160	1200	0.04364	0.28592
170	1200	0.04576	0.28917
180	1200	0.04767	0.29267
190	1200	0.04931	0.2964
0	1210	0	0.25817
10	1210	0.00298	0.25824
20	1210	0.00596	0.25846
30	1210	0.00894	0.25882
40	1210	0.01193	0.25933
50	1210	0.01492	0.26
60	1210	0.01792	0.26083
70	1210	0.02092	0.26183
80	1210	0.02393	0.26301
90	1210	0.02693	0.26438
100	1210	0.02992	0.26596
110	1210	0.03289	0.26777
120	1210	0.03583	0.26981
130	1210	0.03873	0.27211
140	1210	0.04155	0.27469
150	1210	0.04428	0.27756
160	1210	0.04686	0.28073
170	1210	0.04927	0.28422
180	1210	0.05145	0.28801
190	1210	0.05334	0.2921
0	1220	0	0.25207
10	1220	0.00312	0.25214
20	1220	0.00624	0.25235
30	1220	0.00938	0.25271
40	1220	0.01251	0.25321
50	1220	0.01567	0.25386
60	1220	0.01883	0.25468
70	1220	0.02201	0.25567
80	1220	0.0252	0.25684
90	1220	0.0284	0.2582
100	1220	0.03161	0.25979
110	1220	0.03482	0.26161
120	1220	0.03803	0.26368
130	1220	0.0412	0.26603
140	1220	0.04432	0.26869
150	1220	0.04737	0.27168
160	1220	0.05029	0.27502
170	1220	0.05304	0.27874
180	1220	0.05556	0.28283
190	1220	0.05777	0.2873
0	1230	0	0.24569
10	1230	0.00326	0.24576
20	1230	0.00652	0.24596
30	1230	0.00979	0.2463
40	1230	0.01308	0.24679
50	1230	0.01639	0.24742
60	1230	0.01972	0.24821
70	1230	0.02307	0.24917
80	1230	0.02645	0.25031
90	1230	0.02986	0.25165
100	1230	0.0333	0.25321
110	1230	0.03676	0.25501
120	1230	0.04024	0.25708
130	1230	0.04372	0.25946
140	1230	0.04718	0.26216
150	1230	0.05059	0.26524
160	1230	0.05391	0.26872
170	1230	0.05708	0.27265
180	1230	0.06002	0.27705
190	1230	0.06264	0.28191
0	1240	0	0.23905
10	1240	0.00339	0.23911
20	1240	0.00679	0.2393
30	1240	0.01019	0.23962
40	1240	0.01362	0.24008
50	1240	0.01708	0.24068
60	1240	0.02057	0.24143
70	1240	0.0241	0.24234
80	1240	0.02767	0.24343
90	1240	0.03129	0.24472
100	1240	0.03496	0.24622
110	1240	0.03868	0.24798
120	1240	0.04244	0.25001
130	1240	0.04625	0.25235
140	1240	0.05008	0.25505
150	1240	0.0539	0.25817
160	1240	0.05768	0.26175
170	1240	0.06135	0.26585
180	1240	0.06482	0.27052
190	1240	0.06798	0.2758
0	1250	0	0.23215
10	1250	0.00351	0.23221
20	1250	0.00703	0.23238
30	1250	0.01057	0.23268
40	1250	0.01413	0.2331
50	1250	0.01773	0.23365
60	1250	0.02137	0.23435
70	1250	0.02506	0.23519
80	1250	0.02882	0.23621
90	1250	0.03264	0.23741
100	1250	0.03654	0.23883
110	1250	0.04052	0.24049
120	1250	0.04458	0.24243
130	1250	0.04873	0.24469
140	1250	0.05296	0.24733
150	1250	0.05724	0.25041
160	1250	0.06155	0.25401
170	1250	0.06582	0.25821
180	1250	0.06995	0.26311
190	1250	0.07382	0.26878
0	1260	0	0.22502
10	1260	0.00362	0.22507
20	1260	0.00725	0.22523
30	1260	0.01091	0.22549
40	1260	0.01459	0.22586
50	1260	0.01832	0.22636
60	1260	0.0221	0.22698
70	1260	0.02595	0.22774
80	1260	0.02987	0.22866
90	1260	0.03389	0.22975
100	1260	0.03801	0.23105
110	1260	0.04224	0.23257
120	1260	0.04661	0.23436
130	1260	0.05111	0.23647
140	1260	0.05575	0.23897
150	1260	0.06052	0.24192
160	1260	0.06542	0.24543
170	1260	0.07038	0.24962
180	1260	0.07533	0.25463
190	1260	0.08011	0.26061
0	1270	0	0.21768
10	1270	0.00372	0.21772
20	1270	0.00745	0.21786
30	1270	0.0112	0.21808
40	1270	0.01499	0.2184
50	1270	0.01884	0.21883
60	1270	0.02274	0.21936
70	1270	0.02673	0.22002
80	1270	0.03081	0.22081
90	1270	0.035	0.22176
100	1270	0.03933	0.22289
110	1270	0.0438	0.22423
120	1270	0.04845	0.22581
130	1270	0.05329	0.2277
140	1270	0.05834	0.22995
150	1270	0.06363	0.23266
160	1270	0.06915	0.23594
170	1270	0.0749	0.23994
180	1270	0.08083	0.24487
190	1270	0.08678	0.25098
0	1280	0	0.21016
10	1280	0.0038	0.2102
20	1280	0.00761	0.21031
30	1280	0.01145	0.21049
40	1280	0.01533	0.21075
50	1280	0.01927	0.21109
60	1280	0.02328	0.21153
70	1280	0.02739	0.21206
80	1280	0.0316	0.21271
90	1280	0.03594	0.21348
100	1280	0.04045	0.21441
110	1280	0.04513	0.21551
120	1280	0.05003	0.21682
130	1280	0.05519	0.2184
140	1280	0.06063	0.22031
150	1280	0.06641	0.22263
160	1280	0.07257	0.2255
170	1280	0.07916	0.22908
180	1280	0.08617	0.23364
190	1280	0.09358	0.23954
0	1290	0	0.20251
10	1290	0.00386	0.20253
20	1290	0.00774	0.20261
30	1290	0.01164	0.20275
40	1290	0.01559	0.20294
50	1290	0.01961	0.20319
60	1290	0.0237	0.20351
70	1290	0.0279	0.2039
80	1290	0.03222	0.20438
90	1290	0.03668	0.20495
100	1290	0.04133	0.20564
110	1290	0.04619	0.20647
120	1290	0.0513	0.20746
130	1290	0.05672	0.20865
140	1290	0.06249	0.21011
150	1290	0.06871	0.21191
160	1290	0.07545	0.21416
170	1290	0.08283	0.21704
180	1290	0.09098	0.22082
190	1290	0.10001	0.22594
0	1300	0	0.19474
10	1300	0.0039	0.19476
20	1300	0.00782	0.19481
30	1300	0.01177	0.19489
40	1300	0.01577	0.19501
50	1300	0.01984	0.19516
60	1300	0.02399	0.19536
70	1300	0.02825	0.1956
80	1300	0.03264	0.19589
90	1300	0.03719	0.19625
100	1300	0.04194	0.19667
110	1300	0.04692	0.19718
120	1300	0.05218	0.1978
130	1300	0.05779	0.19854
140	1300	0.06382	0.19946
150	1300	0.07036	0.2006
160	1300	0.07756	0.20205
170	1300	0.08558	0.20393
180	1300	0.09469	0.20647
190	1300	0.10524	0.21004
0	1310	0	0.18692
10	1310	0.00392	0.18692
20	1310	0.00787	0.18694
30	1310	0.01184	0.18697
40	1310	0.01586	0.18701
50	1310	0.01995	0.18706
60	1310	0.02414	0.18713
70	1310	0.02843	0.18721
80	1310	0.03286	0.18731
90	1310	0.03745	0.18743
100	1310	0.04225	0.18757
110	1310	0.0473	0.18774
120	1310	0.05264	0.18795
130	1310	0.05835	0.18821
140	1310	0.0645	0.18852
150	1310	0.07122	0.18891
160	1310	0.07867	0.18941
170	1310	0.08706	0.19007
180	1310	0.09674	0.19097
190	1310	0.10826	0.19227
0	1320	0	0.17907
10	1320	0.00392	0.17907
20	1320	0.00787	0.17905
30	1320	0.01184	0.17902
40	1320	0.01586	0.17898
50	1320	0.01995	0.17893
60	1320	0.02414	0.17887
70	1320	0.02843	0.17878
80	1320	0.03286	0.17869
90	1320	0.03745	0.17857
100	1320	0.04225	0.17842
110	1320	0.0473	0.17825
120	1320	0.05264	0.17804
130	1320	0.05835	0.17779
140	1320	0.0645	0.17748
150	1320	0.07123	0.17709
160	1320	0.07867	0.17659
170	1320	0.08706	0.17593
180	1320	0.09674	0.17503
190	1320	0.10826	0.17374
0	1330	0	0.17125
10	1330	0.0039	0.17123
20	1330	0.00782	0.17118
30	1330	0.01177	0.1711
40	1330	0.01577	0.17098
50	1330	0.01984	0.17083
60	1330	0.02399	0.17063
70	1330	0.02825	0.17039
80	1330	0.03264	0.1701
90	1330	0.03719	0.16975
100	1330	0.04194	0.16932
110	1330	0.04692	0.16881
120	1330	0.05219	0.1682
130	1330	0.05779	0.16745
140	1330	0.06382	0.16654
150	1330	0.07036	0.1654
160	1330	0.07756	0.16395
170	1330	0.08558	0.16207
180	1330	0.09469	0.15953
190	1330	0.10525	0.15596
0	1340	0	0.16348
10	1340	0.00386	0.16346
20	1340	0.00774	0.16338
30	1340	0.01164	0.16324
40	1340	0.01559	0.16305
50	1340	0.01961	0.1628
60	1340	0.0237	0.16248
70	1340	0.0279	0.16209
80	1340	0.03222	0.16161
90	1340	0.03669	0.16104
100	1340	0.04133	0.16035
110	1340	0.04619	0.15953
120	1340	0.0513	0.15854
130	1340	0.05672	0.15734
140	1340	0.0625	0.15589
150	1340	0.06871	0.15409
160	1340	0.07546	0.15184
170	1340	0.08284	0.14896
180	1340	0.09098	0.14518
190	1340	0.10001	0.14006
0	1350	0	0.15583
10	1350	0.0038	0.15579
20	1350	0.00761	0.15568
30	1350	0.01145	0.1555
40	1350	0.01533	0.15524
50	1350	0.01927	0.1549
60	1350	0.02328	0.15446
70	1350	0.02739	0.15393
80	1350	0.0316	0.15329
90	1350	0.03595	0.15251
100	1350	0.04045	0.15159
110	1350	0.04513	0.15049
120	1350	0.05004	0.14917
130	1350	0.05519	0.14759
140	1350	0.06063	0.14569
150	1350	0.06641	0.14336
160	1350	0.07258	0.1405
170	1350	0.07916	0.13691
180	1350	0.08618	0.13236
190	1350	0.09358	0.12646
0	1360	0	0.14831
10	1360	0.00372	0.14827
20	1360	0.00745	0.14813
30	1360	0.0112	0.14791
40	1360	0.015	0.14759
50	1360	0.01884	0.14716
60	1360	0.02274	0.14663
70	1360	0.02673	0.14597
80	1360	0.03081	0.14518
90	1360	0.035	0.14423
100	1360	0.03933	0.1431
110	1360	0.0438	0.14177
120	1360	0.04845	0.14018
130	1360	0.05329	0.1383
140	1360	0.05834	0.13605
150	1360	0.06363	0.13334
160	1360	0.06916	0.13006
170	1360	0.07491	0.12606
180	1360	0.08083	0.12113
190	1360	0.08679	0.11502
0	1370	0	0.14097
10	1370	0.00362	0.14092
20	1370	0.00725	0.14076
30	1370	0.01091	0.1405
40	1370	0.01459	0.14012
50	1370	0.01832	0.13963
60	1370	0.0221	0.13901
70	1370	0.02595	0.13825
80	1370	0.02988	0.13733
90	1370	0.03389	0.13624
100	1370	0.03801	0.13495
110	1370	0.04225	0.13342
120	1370	0.04661	0.13163
130	1370	0.05111	0.12952
140	1370	0.05575	0.12703
150	1370	0.06053	0.12408
160	1370	0.06542	0.12057
170	1370	0.07039	0.11638
180	1370	0.07534	0.11137
190	1370	0.08012	0.10539
0	1380	0	0.13384
10	1380	0.00351	0.13378
20	1380	0.00703	0.13361
30	1380	0.01057	0.13331
40	1380	0.01413	0.13289
50	1380	0.01773	0.13234
60	1380	0.02137	0.13164
70	1380	0.02506	0.1308
80	1380	0.02882	0.12978
90	1380	0.03264	0.12858
100	1380	0.03654	0.12716
110	1380	0.04052	0.1255
120	1380	0.04459	0.12356
130	1380	0.04874	0.1213
140	1380	0.05296	0.11866
150	1380	0.05725	0.11558
160	1380	0.06155	0.11198
170	1380	0.06582	0.10778
180	1380	0.06996	0.10289
190	1380	0.07382	0.09722
0	1390	0	0.12694
10	1390	0.00339	0.12688
20	1390	0.00679	0.12669
30	1390	0.0102	0.12636
40	1390	0.01363	0.12591
50	1390	0.01708	0.12531
60	1390	0.02057	0.12456
70	1390	0.0241	0.12365
80	1390	0.02767	0.12256
90	1390	0.03129	0.12127
100	1390	0.03496	0.11977
110	1390	0.03868	0.11801
120	1390	0.04245	0.11599
130	1390	0.04626	0.11364
140	1390	0.05008	0.11094
150	1390	0.05391	0.10783
160	1390	0.05769	0.10425
170	1390	0.06136	0.10015
180	1390	0.06483	0.09547
190	1390	0.06799	0.0902
0	1400	0	0.12029
10	1400	0.00326	0.12022
20	1400	0.00652	0.12002
30	1400	0.0098	0.11968
40	1400	0.01308	0.1192
50	1400	0.01639	0.11857
60	1400	0.01972	0.11778
70	1400	0.02307	0.11682
80	1400	0.02646	0.11568
90	1400	0.02987	0.11434
100	1400	0.03331	0.11278
110	1400	0.03677	0.11098
120	1400	0.04025	0.10891
130	1400	0.04373	0.10654
140	1400	0.04719	0.10383
150	1400	0.0506	0.10075
160	1400	0.05392	0.09727
170	1400	0.05709	0.09334
180	1400	0.06003	0.08895
190	1400	0.06265	0.08408
0	1410	0	0.11391
10	1410	0.00312	0.11384
20	1410	0.00625	0.11363
30	1410	0.00938	0.11328
40	1410	0.01252	0.11278
50	1410	0.01567	0.11212
60	1410	0.01883	0.11131
70	1410	0.02201	0.11032
80	1410	0.0252	0.10915
90	1410	0.02841	0.10778
100	1410	0.03162	0.1062
110	1410	0.03483	0.10438
120	1410	0.03803	0.10231
130	1410	0.04121	0.09996
140	1410	0.04433	0.0973
150	1410	0.04738	0.09431
160	1410	0.0503	0.09097
170	1410	0.05305	0.08725
180	1410	0.05557	0.08316
190	1410	0.05778	0.0787
0	1420	0	0.10781
10	1420	0.00298	0.10774
20	1420	0.00596	0.10752
30	1420	0.00895	0.10716
40	1420	0.01193	0.10665
50	1420	0.01493	0.10599
60	1420	0.01793	0.10516
70	1420	0.02093	0.10416
80	1420	0.02393	0.10298
90	1420	0.02693	0.10161
100	1420	0.02992	0.10002
110	1420	0.0329	0.09822
120	1420	0.03584	0.09618
130	1420	0.03874	0.09388
140	1420	0.04156	0.0913
150	1420	0.04429	0.08843
160	1420	0.04687	0.08526
170	1420	0.04928	0.08178
180	1420	0.05146	0.07798
190	1420	0.05335	0.0739
0	1430	0	0.102
10	1430	0.00284	0.10192
20	1430	0.00567	0.10171
30	1430	0.00851	0.10134
40	1430	0.01134	0.10083
50	1430	0.01418	0.10016
60	1430	0.01701	0.09933
70	1430	0.01984	0.09833
80	1430	0.02266	0.09716
90	1430	0.02546	0.0958
100	1430	0.02825	0.09424
110	1430	0.031	0.09247
120	1430	0.0337	0.09048
130	1430	0.03634	0.08826
140	1430	0.0389	0.08579
150	1430	0.04135	0.08306
160	1430	0.04365	0.08007
170	1430	0.04578	0.07683
180	1430	0.04768	0.07332
190	1430	0.04932	0.06959
0	1440	0	0.09647
10	1440	0.00269	0.0964
20	1440	0.00538	0.09618
30	1440	0.00807	0.09582
40	1440	0.01076	0.09531
50	1440	0.01343	0.09464
60	1440	0.01611	0.09382
70	1440	0.01876	0.09284
80	1440	0.02141	0.09168
90	1440	0.02402	0.09035
100	1440	0.02661	0.08883
110	1440	0.02915	0.08712
120	1440	0.03164	0.0852
130	1440	0.03405	0.08307
140	1440	0.03637	0.08072
150	1440	0.03858	0.07814
160	1440	0.04064	0.07534
170	1440	0.04253	0.07233
180	1440	0.04421	0.0691
190	1440	0.04566	0.06569
0	1450	0	0.09123
10	1450	0.00255	0.09116
20	1450	0.0051	0.09094
30	1450	0.00764	0.09059
40	1450	0.01017	0.09008
50	1450	0.0127	0.08943
60	1450	0.01521	0.08863
70	1450	0.01771	0.08767
80	1450	0.02018	0.08654
90	1450	0.02262	0.08525
100	1450	0.02502	0.08378
110	1450	0.02737	0.08213
120	1450	0.02966	0.08029
130	1450	0.03187	0.07827
140	1450	0.03398	0.07604
150	1450	0.03597	0.07363
160	1450	0.03783	0.07102
170	1450	0.03952	0.06822
180	1450	0.04103	0.06525
190	1450	0.04231	0.06213
0	1460	0	0.08627
10	1460	0.00241	0.0862
20	1460	0.00481	0.08599
30	1460	0.00721	0.08564
40	1460	0.0096	0.08515
50	1460	0.01198	0.08452
60	1460	0.01434	0.08374
70	1460	0.01668	0.08281
80	1460	0.01899	0.08172
90	1460	0.02127	0.08047
100	1460	0.02349	0.07907
110	1460	0.02567	0.07749
120	1460	0.02778	0.07574
130	1460	0.0298	0.07383
140	1460	0.03173	0.07173
150	1460	0.03354	0.06947
160	1460	0.03522	0.06704
170	1460	0.03675	0.06446
180	1460	0.03811	0.06173
190	1460	0.03927	0.05887
0	1470	0	0.08159
10	1470	0.00227	0.08152
20	1470	0.00454	0.08132
30	1470	0.0068	0.08098
40	1470	0.00905	0.08051
50	1470	0.01129	0.0799
60	1470	0.0135	0.07914
70	1470	0.01569	0.07825
80	1470	0.01785	0.0772
90	1470	0.01997	0.07601
100	1470	0.02204	0.07467
110	1470	0.02405	0.07317
120	1470	0.02599	0.07152
130	1470	0.02786	0.06971
140	1470	0.02962	0.06775
150	1470	0.03128	0.06564
160	1470	0.03281	0.06339
170	1470	0.0342	0.061
180	1470	0.03543	0.05849
190	1470	0.03648	0.05587
0	1480	0	0.07718
10	1480	0.00214	0.07711
20	1480	0.00428	0.07692
30	1480	0.0064	0.07659
40	1480	0.00852	0.07614
50	1480	0.01062	0.07555
60	1480	0.0127	0.07483
70	1480	0.01474	0.07397
80	1480	0.01676	0.07297
90	1480	0.01873	0.07184
100	1480	0.02066	0.07057
110	1480	0.02252	0.06915
120	1480	0.02432	0.06759
130	1480	0.02603	0.0659
140	1480	0.02766	0.06406
150	1480	0.02917	0.0621
160	1480	0.03057	0.06001
170	1480	0.03184	0.0578
180	1480	0.03296	0.05549
190	1480	0.03393	0.05309
0	1490	0	0.07302
10	1490	0.00201	0.07296
20	1490	0.00402	0.07278
30	1490	0.00602	0.07247
40	1490	0.00801	0.07203
50	1490	0.00998	0.07147
60	1490	0.01192	0.07078
70	1490	0.01384	0.06996
80	1490	0.01572	0.06902
90	1490	0.01756	0.06794
100	1490	0.01935	0.06674
110	1490	0.02108	0.0654
120	1490	0.02274	0.06394
130	1490	0.02433	0.06236
140	1490	0.02582	0.06065
150	1490	0.02722	0.05882
160	1490	0.0285	0.05688
170	1490	0.02967	0.05485
180	1490	0.0307	0.05272
190	1490	0.0316	0.05052
0	1500	0	0.06912
10	1500	0.00189	0.06906
20	1500	0.00378	0.06888
30	1500	0.00566	0.06859
40	1500	0.00752	0.06817
50	1500	0.00937	0.06764
60	1500	0.01119	0.06698
70	1500	0.01298	0.06621
80	1500	0.01474	0.06532
90	1500	0.01645	0.0643
100	1500	0.01812	0.06317
110	1500	0.01973	0.06192
120	1500	0.02127	0.06055
130	1500	0.02273	0.05906
140	1500	0.02412	0.05747
150	1500	0.02541	0.05578
160	1500	0.02659	0.05398
170	1500	0.02767	0.0521
180	1500	0.02862	0.05014
190	1500	0.02945	0.04812
0	1510	0	0.06545
10	1510	0.00178	0.06539
20	1510	0.00355	0.06522
30	1510	0.00531	0.06494
40	1510	0.00706	0.06455
50	1510	0.00879	0.06405
60	1510	0.0105	0.06343
70	1510	0.01217	0.0627
80	1510	0.01381	0.06185
90	1510	0.01541	0.0609
100	1510	0.01696	0.05983
110	1510	0.01846	0.05866
120	1510	0.01989	0.05738
130	1510	0.02125	0.056
140	1510	0.02253	0.05452
150	1510	0.02372	0.05295
160	1510	0.02482	0.05129
170	1510	0.02582	0.04955
180	1510	0.02671	0.04774
190	1510	0.02749	0.04588
0	1520	0	0.062
10	1520	0.00167	0.06195
20	1520	0.00333	0.06179
30	1520	0.00498	0.06153
40	1520	0.00662	0.06116
50	1520	0.00824	0.06068
60	1520	0.00984	0.0601
70	1520	0.01141	0.05941
80	1520	0.01294	0.05862
90	1520	0.01443	0.05772
100	1520	0.01588	0.05672
110	1520	0.01727	0.05563
120	1520	0.0186	0.05443
130	1520	0.01987	0.05314
140	1520	0.02106	0.05177
150	1520	0.02217	0.05031
160	1520	0.02319	0.04877
170	1520	0.02412	0.04717
180	1520	0.02495	0.0455
190	1520	0.02568	0.04379
0	1530	0	0.05877
10	1530	0.00156	0.05872
20	1530	0.00312	0.05857
30	1530	0.00467	0.05832
40	1530	0.00621	0.05797
50	1530	0.00773	0.05752
60	1530	0.00923	0.05698
70	1530	0.01069	0.05633
80	1530	0.01212	0.05559
90	1530	0.01352	0.05475
100	1530	0.01487	0.05381
110	1530	0.01616	0.05279
120	1530	0.0174	0.05168
130	1530	0.01858	0.05048
140	1530	0.01969	0.0492
150	1530	0.02072	0.04785
160	1530	0.02168	0.04643
170	1530	0.02255	0.04495
180	1530	0.02332	0.04341
190	1530	0.02401	0.04183
0	1540	0	0.05574
10	1540	0.00147	0.05569
20	1540	0.00293	0.05555
30	1540	0.00438	0.05532
40	1540	0.00582	0.05499
50	1540	0.00725	0.05457
60	1540	0.00865	0.05405
70	1540	0.01002	0.05345
80	1540	0.01136	0.05275
90	1540	0.01266	0.05197
100	1540	0.01392	0.0511
110	1540	0.01513	0.05014
120	1540	0.01629	0.04911
130	1540	0.01739	0.04799
140	1540	0.01842	0.04681
150	1540	0.01939	0.04555
160	1540	0.02028	0.04424
170	1540	0.02109	0.04287
180	1540	0.02182	0.04145
190	1540	0.02247	0.03999
0	1550	0	0.0529
10	1550	0.00138	0.05285
20	1550	0.00275	0.05272
30	1550	0.00411	0.0525
40	1550	0.00546	0.05219
50	1550	0.00679	0.0518
60	1550	0.0081	0.05132
70	1550	0.00939	0.05075
80	1550	0.01064	0.0501
90	1550	0.01186	0.04937
100	1550	0.01304	0.04855
110	1550	0.01417	0.04766
120	1550	0.01525	0.0467
130	1550	0.01628	0.04567
140	1550	0.01725	0.04457
150	1550	0.01815	0.0434
160	1550	0.01899	0.04218
170	1550	0.01975	0.04092
180	1550	0.02044	0.0396
190	1550	0.02105	0.03825
0	1560	0	0.05023
10	1560	0.00129	0.05019
20	1560	0.00258	0.05007
30	1560	0.00385	0.04986
40	1560	0.00512	0.04957
50	1560	0.00637	0.0492
60	1560	0.0076	0.04875
70	1560	0.0088	0.04822
80	1560	0.00997	0.04761
90	1560	0.01111	0.04693
100	1560	0.01222	0.04617
110	1560	0.01328	0.04535
120	1560	0.01429	0.04445
130	1560	0.01525	0.04349
140	1560	0.01616	0.04247
150	1560	0.017	0.04139
160	1560	0.01779	0.04026
170	1560	0.01851	0.03909
180	1560	0.01916	0.03787
190	1560	0.01974	0.03662
0	1570	0	0.04773
10	1570	0.00121	0.04769
20	1570	0.00242	0.04757
30	1570	0.00362	0.04738
40	1570	0.0048	0.04711
50	1570	0.00597	0.04677
60	1570	0.00712	0.04635
70	1570	0.00825	0.04585
80	1570	0.00935	0.04529
90	1570	0.01042	0.04465
100	1570	0.01145	0.04394
110	1570	0.01244	0.04317
120	1570	0.01339	0.04234
130	1570	0.01429	0.04145
140	1570	0.01514	0.0405
150	1570	0.01594	0.0395
160	1570	0.01668	0.03845
170	1570	0.01735	0.03737
180	1570	0.01797	0.03624
190	1570	0.01852	0.03509
0	1580	0	0.04538
10	1580	0.00114	0.04535
20	1580	0.00227	0.04524
30	1580	0.00339	0.04506
40	1580	0.0045	0.04481
50	1580	0.0056	0.04448
60	1580	0.00668	0.04409
70	1580	0.00774	0.04363
80	1580	0.00877	0.0431
90	1580	0.00977	0.04251
100	1580	0.01074	0.04185
110	1580	0.01167	0.04114
120	1580	0.01256	0.04036
130	1580	0.01341	0.03953
140	1580	0.0142	0.03865
150	1580	0.01495	0.03773
160	1580	0.01565	0.03676
170	1580	0.01629	0.03575
180	1580	0.01687	0.03471
190	1580	0.0174	0.03364
0	1590	0	0.04318
10	1590	0.00107	0.04315
20	1590	0.00213	0.04305
30	1590	0.00318	0.04288
40	1590	0.00423	0.04264
50	1590	0.00526	0.04234
60	1590	0.00627	0.04198
70	1590	0.00726	0.04155
80	1590	0.00823	0.04106
90	1590	0.00917	0.0405
100	1590	0.01008	0.03989
110	1590	0.01095	0.03923
120	1590	0.01179	0.03851
130	1590	0.01258	0.03774
140	1590	0.01333	0.03692
150	1590	0.01404	0.03606
160	1590	0.01469	0.03516
170	1590	0.0153	0.03422
180	1590	0.01585	0.03326
190	1590	0.01635	0.03226
0	1600	0	0.04112
10	1600	0.001	0.04108
20	1600	0.002	0.04099
30	1600	0.00299	0.04083
40	1600	0.00397	0.04061
50	1600	0.00494	0.04033
60	1600	0.00589	0.03999
70	1600	0.00682	0.03959
80	1600	0.00773	0.03913
90	1600	0.00861	0.03862
100	1600	0.00946	0.03805
110	1600	0.01028	0.03743
120	1600	0.01107	0.03676
130	1600	0.01182	0.03605
140	1600	0.01252	0.03529
150	1600	0.01319	0.03449
160	1600	0.01381	0.03365
170	1600	0.01438	0.03279
180	1600	0.01491	0.03189
190	1600	0.01539	0.03097
0	1610	0	0.03918
10	1610	0.00094	0.03915
20	1610	0.00188	0.03906
30	1610	0.00281	0.03891
40	1610	0.00373	0.03871
50	1610	0.00463	0.03845
60	1610	0.00553	0.03813
70	1610	0.0064	0.03776
80	1610	0.00726	0.03733
90	1610	0.00809	0.03685
100	1610	0.00889	0.03632
110	1610	0.00966	0.03575
120	1610	0.0104	0.03512
130	1610	0.0111	0.03446
140	1610	0.01177	0.03375
150	1610	0.0124	0.03301
160	1610	0.01299	0.03224
170	1610	0.01353	0.03143
180	1610	0.01403	0.0306
190	1610	0.01449	0.02974
0	1620	0	0.03735
10	1620	0.00088	0.03733
20	1620	0.00176	0.03724
30	1620	0.00264	0.03711
40	1620	0.0035	0.03692
50	1620	0.00436	0.03667
60	1620	0.00519	0.03638
70	1620	0.00602	0.03603
80	1620	0.00682	0.03563
90	1620	0.0076	0.03519
100	1620	0.00835	0.0347
110	1620	0.00908	0.03416
120	1620	0.00978	0.03358
130	1620	0.01044	0.03296
140	1620	0.01107	0.03231
150	1620	0.01167	0.03162
160	1620	0.01222	0.0309
170	1620	0.01274	0.03015
180	1620	0.01322	0.02937
190	1620	0.01365	0.02858
0	1630	0	0.03564
10	1630	0.00083	0.03562
20	1630	0.00166	0.03554
30	1630	0.00248	0.03541
40	1630	0.00329	0.03523
50	1630	0.00409	0.03501
60	1630	0.00488	0.03473
70	1630	0.00566	0.03441
80	1630	0.00641	0.03404
90	1630	0.00715	0.03363
100	1630	0.00786	0.03317
110	1630	0.00854	0.03267
120	1630	0.0092	0.03213
130	1630	0.00983	0.03155
140	1630	0.01042	0.03094
150	1630	0.01099	0.0303
160	1630	0.01151	0.02963
170	1630	0.012	0.02893
180	1630	0.01246	0.02821
190	1630	0.01287	0.02747
0	1640	0	0.03403
10	1640	0.00078	0.03401
20	1640	0.00156	0.03394
30	1640	0.00233	0.03382
40	1640	0.0031	0.03365
50	1640	0.00385	0.03344
60	1640	0.00459	0.03318
70	1640	0.00532	0.03288
80	1640	0.00603	0.03254
90	1640	0.00673	0.03215
100	1640	0.0074	0.03173
110	1640	0.00804	0.03126
120	1640	0.00866	0.03076
130	1640	0.00926	0.03023
140	1640	0.00982	0.02966
150	1640	0.01035	0.02906
160	1640	0.01085	0.02844
170	1640	0.01132	0.02779
180	1640	0.01175	0.02712
190	1640	0.01215	0.02643
0	1650	0	0.03252
10	1650	0.00073	0.03249
20	1650	0.00147	0.03243
30	1650	0.00219	0.03232
40	1650	0.00291	0.03216
50	1650	0.00363	0.03197
60	1650	0.00433	0.03173
70	1650	0.00501	0.03145
80	1650	0.00568	0.03113
90	1650	0.00633	0.03077
100	1650	0.00697	0.03037
110	1650	0.00758	0.02994
120	1650	0.00816	0.02947
130	1650	0.00872	0.02897
140	1650	0.00926	0.02844
150	1650	0.00976	0.02789
160	1650	0.01024	0.02731
170	1650	0.01068	0.0267
180	1650	0.0111	0.02608
190	1650	0.01148	0.02543
0	1660	0	0.03109
10	1660	0.00069	0.03107
20	1660	0.00138	0.03101
30	1660	0.00207	0.0309
40	1660	0.00275	0.03076
50	1660	0.00342	0.03058
60	1660	0.00407	0.03035
70	1660	0.00472	0.03009
80	1660	0.00535	0.02979
90	1660	0.00597	0.02946
100	1660	0.00656	0.02909
110	1660	0.00714	0.02869
120	1660	0.0077	0.02825
130	1660	0.00823	0.02779
140	1660	0.00873	0.0273
150	1660	0.00921	0.02678
160	1660	0.00966	0.02623
170	1660	0.01009	0.02567
180	1660	0.01048	0.02509
190	1660	0.01085	0.02449
0	1670	0	0.02975
10	1670	0.00065	0.02973
20	1670	0.0013	0.02967
30	1670	0.00195	0.02957
40	1670	0.00259	0.02944
50	1670	0.00322	0.02927
60	1670	0.00384	0.02906
70	1670	0.00445	0.02882
80	1670	0.00505	0.02854
90	1670	0.00563	0.02823
100	1670	0.00619	0.02788
110	1670	0.00674	0.02751
120	1670	0.00726	0.0271
130	1670	0.00776	0.02667
140	1670	0.00824	0.02621
150	1670	0.0087	0.02573
160	1670	0.00913	0.02522
170	1670	0.00953	0.02469
180	1670	0.00991	0.02415
190	1670	0.01026	0.02359
0	1680	0	0.02848
10	1680	0.00061	0.02846
20	1680	0.00123	0.02841
30	1680	0.00184	0.02832
40	1680	0.00244	0.02819
50	1680	0.00304	0.02803
60	1680	0.00362	0.02784
70	1680	0.0042	0.02761
80	1680	0.00476	0.02735
90	1680	0.00531	0.02706
100	1680	0.00584	0.02674
110	1680	0.00636	0.02639
120	1680	0.00686	0.02601
130	1680	0.00733	0.02561
140	1680	0.00779	0.02518
150	1680	0.00822	0.02473
160	1680	0.00863	0.02426
170	1680	0.00902	0.02377
180	1680	0.00938	0.02326
190	1680	0.00971	0.02273
0	1690	0	0.02728
10	1690	0.00058	0.02727
20	1690	0.00116	0.02722
30	1690	0.00173	0.02713
40	1690	0.0023	0.02702
50	1690	0.00287	0.02687
60	1690	0.00342	0.02669
70	1690	0.00396	0.02648
80	1690	0.0045	0.02623
90	1690	0.00501	0.02596
100	1690	0.00552	0.02566
110	1690	0.00601	0.02534
120	1690	0.00648	0.02498
130	1690	0.00693	0.02461
140	1690	0.00736	0.02421
150	1690	0.00777	0.02379
160	1690	0.00816	0.02334
170	1690	0.00853	0.02289
180	1690	0.00888	0.02241
190	1690	0.0092	0.02192
0	1700	0	0.02616
10	1700	0.00055	0.02614
20	1700	0.00109	0.02609
30	1700	0.00164	0.02602
40	1700	0.00217	0.02591
50	1700	0.00271	0.02577
60	1700	0.00323	0.0256
70	1700	0.00374	0.0254
80	1700	0.00425	0.02518
90	1700	0.00474	0.02492
100	1700	0.00522	0.02464
110	1700	0.00568	0.02434
120	1700	0.00613	0.02401
130	1700	0.00655	0.02366
140	1700	0.00697	0.02328
150	1700	0.00736	0.02289
160	1700	0.00773	0.02248
170	1700	0.00808	0.02205
180	1700	0.00841	0.0216
190	1700	0.00872	0.02115
0	1710	0	0.02509
10	1710	0.00052	0.02508
20	1710	0.00103	0.02503
30	1710	0.00155	0.02496
40	1710	0.00205	0.02486
50	1710	0.00256	0.02473
60	1710	0.00305	0.02457
70	1710	0.00354	0.02439
80	1710	0.00402	0.02418
90	1710	0.00448	0.02394
100	1710	0.00493	0.02368
110	1710	0.00537	0.02339
120	1710	0.0058	0.02308
130	1710	0.0062	0.02276
140	1710	0.00659	0.02241
150	1710	0.00697	0.02204
160	1710	0.00732	0.02165
170	1710	0.00766	0.02125
180	1710	0.00797	0.02084
190	1710	0.00827	0.02041
0	1720	0	0.02408
10	1720	0.00049	0.02407
20	1720	0.00098	0.02403
30	1720	0.00146	0.02396
40	1720	0.00194	0.02387
50	1720	0.00242	0.02375
60	1720	0.00289	0.0236
70	1720	0.00335	0.02343
80	1720	0.0038	0.02323
90	1720	0.00424	0.02301
100	1720	0.00467	0.02276
110	1720	0.00509	0.0225
120	1720	0.00549	0.02221
130	1720	0.00588	0.0219
140	1720	0.00625	0.02158
150	1720	0.0066	0.02123
160	1720	0.00694	0.02087
170	1720	0.00726	0.02049
180	1720	0.00757	0.02011
190	1720	0.00785	0.0197
0	1730	0	0.02313
10	1730	0.00046	0.02312
20	1730	0.00092	0.02308
30	1730	0.00138	0.02302
40	1730	0.00184	0.02293
50	1730	0.00229	0.02282
60	1730	0.00273	0.02268
70	1730	0.00317	0.02252
80	1730	0.0036	0.02233
90	1730	0.00401	0.02213
100	1730	0.00442	0.0219
110	1730	0.00482	0.02165
120	1730	0.0052	0.02138
130	1730	0.00557	0.02109
140	1730	0.00592	0.02079
150	1730	0.00626	0.02046
160	1730	0.00659	0.02013
170	1730	0.00689	0.01977
180	1730	0.00718	0.01941
190	1730	0.00745	0.01903
0	1740	0	0.02223
10	1740	0.00044	0.02222
20	1740	0.00088	0.02218
30	1740	0.00131	0.02212
40	1740	0.00174	0.02204
50	1740	0.00217	0.02193
60	1740	0.00259	0.02181
70	1740	0.003	0.02166
80	1740	0.00341	0.02148
90	1740	0.0038	0.02129
100	1740	0.00419	0.02108
110	1740	0.00457	0.02084
120	1740	0.00493	0.02059
130	1740	0.00528	0.02032
140	1740	0.00562	0.02003
150	1740	0.00594	0.01973
160	1740	0.00625	0.01942
170	1740	0.00654	0.01909
180	1740	0.00682	0.01874
190	1740	0.00708	0.01839
0	1750	0	0.02138
10	1750	0.00042	0.02137
20	1750	0.00083	0.02133
30	1750	0.00124	0.02128
40	1750	0.00165	0.0212
50	1750	0.00205	0.0211
60	1750	0.00245	0.02098
70	1750	0.00285	0.02084
80	1750	0.00323	0.02068
90	1750	0.00361	0.0205
100	1750	0.00397	0.0203
110	1750	0.00433	0.02008
120	1750	0.00468	0.01984
130	1750	0.00501	0.01959
140	1750	0.00533	0.01932
150	1750	0.00564	0.01904
160	1750	0.00594	0.01874
170	1750	0.00622	0.01843
180	1750	0.00649	0.01811
190	1750	0.00674	0.01778
0	1760	0	0.02057
10	1760	0.00039	0.02056
20	1760	0.00079	0.02053
30	1760	0.00118	0.02047
40	1760	0.00156	0.0204
50	1760	0.00195	0.02031
60	1760	0.00233	0.0202
70	1760	0.0027	0.02006
80	1760	0.00306	0.01991
90	1760	0.00342	0.01974
100	1760	0.00377	0.01956
110	1760	0.00411	0.01935
120	1760	0.00444	0.01913
130	1760	0.00476	0.01889
140	1760	0.00507	0.01864
150	1760	0.00536	0.01838
160	1760	0.00564	0.0181
170	1760	0.00591	0.01781
180	1760	0.00617	0.0175
190	1760	0.00641	0.01719
0	1770	0	0.0198
10	1770	0.00037	0.01979
20	1770	0.00075	0.01976
30	1770	0.00112	0.01971
40	1770	0.00148	0.01964
50	1770	0.00185	0.01956
60	1770	0.00221	0.01945
70	1770	0.00256	0.01933
80	1770	0.00291	0.01919
90	1770	0.00325	0.01903
100	1770	0.00358	0.01885
110	1770	0.0039	0.01866
120	1770	0.00422	0.01845
130	1770	0.00452	0.01823
140	1770	0.00482	0.01799
150	1770	0.0051	0.01774
160	1770	0.00537	0.01748
170	1770	0.00563	0.01721
180	1770	0.00587	0.01693
190	1770	0.0061	0.01663
0	1780	0	0.01907
10	1780	0.00035	0.01906
20	1780	0.00071	0.01904
30	1780	0.00106	0.01899
40	1780	0.00141	0.01893
50	1780	0.00176	0.01884
60	1780	0.0021	0.01875
70	1780	0.00243	0.01863
80	1780	0.00276	0.0185
90	1780	0.00309	0.01835
100	1780	0.0034	0.01818
110	1780	0.00371	0.018
120	1780	0.00401	0.01781
130	1780	0.0043	0.0176
140	1780	0.00458	0.01738
150	1780	0.00485	0.01714
160	1780	0.00511	0.0169
170	1780	0.00536	0.01664
180	1780	0.00559	0.01637
190	1780	0.00581	0.0161
0	1790	0	0.01838
10	1790	0.00034	0.01837
20	1790	0.00067	0.01835
30	1790	0.00101	0.0183
40	1790	0.00134	0.01824
50	1790	0.00167	0.01817
60	1790	0.00199	0.01807
70	1790	0.00231	0.01797
80	1790	0.00263	0.01784
90	1790	0.00293	0.0177
100	1790	0.00324	0.01755
110	1790	0.00353	0.01738
120	1790	0.00381	0.01719
130	1790	0.00409	0.017
140	1790	0.00436	0.01679
150	1790	0.00462	0.01657
160	1790	0.00486	0.01634
170	1790	0.0051	0.0161
180	1790	0.00533	0.01585
190	1790	0.00554	0.01559
0	1800	0	0.01772
10	1800	0.00032	0.01772
20	1800	0.00064	0.01769
30	1800	0.00096	0.01765
40	1800	0.00127	0.0176
50	1800	0.00159	0.01752
60	1800	0.00189	0.01744
70	1800	0.0022	0.01733
80	1800	0.0025	0.01722
90	1800	0.00279	0.01709
100	1800	0.00308	0.01694
110	1800	0.00336	0.01678
120	1800	0.00363	0.01661
130	1800	0.0039	0.01642
140	1800	0.00415	0.01623
150	1800	0.0044	0.01602
160	1800	0.00463	0.0158
170	1800	0.00486	0.01558
180	1800	0.00508	0.01534
190	1800	0.00529	0.0151
0	1810	0	0.0171
10	1810	0.0003	0.01709
20	1810	0.00061	0.01707
30	1810	0.00091	0.01703
40	1810	0.00121	0.01698
50	1810	0.00151	0.01691
60	1810	0.0018	0.01683
70	1810	0.00209	0.01673
80	1810	0.00238	0.01662
90	1810	0.00266	0.0165
100	1810	0.00293	0.01636
110	1810	0.0032	0.01621
120	1810	0.00346	0.01605
130	1810	0.00371	0.01588
140	1810	0.00396	0.01569
150	1810	0.00419	0.0155
160	1810	0.00442	0.01529
170	1810	0.00464	0.01508
180	1810	0.00485	0.01486
190	1810	0.00504	0.01463
0	1820	0	0.0165
10	1820	0.00029	0.0165
20	1820	0.00058	0.01648
30	1820	0.00087	0.01644
40	1820	0.00115	0.01639
50	1820	0.00144	0.01633
60	1820	0.00172	0.01625
70	1820	0.00199	0.01616
80	1820	0.00226	0.01606
90	1820	0.00253	0.01594
100	1820	0.00279	0.01581
110	1820	0.00305	0.01567
120	1820	0.0033	0.01552
130	1820	0.00354	0.01536
140	1820	0.00377	0.01518
150	1820	0.004	0.015
160	1820	0.00422	0.01481
170	1820	0.00442	0.0146
180	1820	0.00463	0.01439
190	1820	0.00482	0.01418
0	1830	0	0.01594
10	1830	0.00028	0.01593
20	1830	0.00055	0.01591
30	1830	0.00083	0.01588
40	1830	0.0011	0.01583
50	1830	0.00137	0.01577
60	1830	0.00163	0.0157
70	1830	0.0019	0.01561
80	1830	0.00216	0.01552
90	1830	0.00241	0.01541
100	1830	0.00266	0.01529
110	1830	0.0029	0.01515
120	1830	0.00314	0.01501
130	1830	0.00337	0.01486
140	1830	0.0036	0.01469
150	1830	0.00381	0.01452
160	1830	0.00402	0.01434
170	1830	0.00422	0.01415
180	1830	0.00442	0.01395
190	1830	0.0046	0.01374
0	1840	0	0.0154
10	1840	0.00026	0.01539
20	1840	0.00053	0.01537
30	1840	0.00079	0.01534
40	1840	0.00105	0.0153
50	1840	0.0013	0.01524
60	1840	0.00156	0.01517
70	1840	0.00181	0.01509
80	1840	0.00206	0.015
90	1840	0.0023	0.0149
100	1840	0.00254	0.01479
110	1840	0.00277	0.01466
120	1840	0.003	0.01453
130	1840	0.00322	0.01438
140	1840	0.00343	0.01423
150	1840	0.00364	0.01406
160	1840	0.00384	0.01389
170	1840	0.00404	0.01371
180	1840	0.00422	0.01353
190	1840	0.0044	0.01333
0	1850	0	0.01489
10	1850	0.00025	0.01488
20	1850	0.0005	0.01486
30	1850	0.00075	0.01483
40	1850	0.001	0.01479
50	1850	0.00124	0.01474
60	1850	0.00149	0.01467
70	1850	0.00173	0.0146
80	1850	0.00196	0.01451
90	1850	0.00219	0.01442
100	1850	0.00242	0.01431
110	1850	0.00264	0.01419
120	1850	0.00286	0.01406
130	1850	0.00307	0.01393
140	1850	0.00328	0.01378
150	1850	0.00348	0.01363
160	1850	0.00367	0.01346
170	1850	0.00386	0.01329
180	1850	0.00404	0.01312
190	1850	0.00421	0.01293
0	1860	0	0.0144
10	1860	0.00024	0.01439
20	1860	0.00048	0.01437
30	1860	0.00072	0.01435
40	1860	0.00095	0.01431
50	1860	0.00119	0.01426
60	1860	0.00142	0.0142
70	1860	0.00165	0.01412
80	1860	0.00187	0.01404
90	1860	0.0021	0.01395
100	1860	0.00231	0.01385
110	1860	0.00253	0.01374
120	1860	0.00273	0.01362
130	1860	0.00294	0.01349
140	1860	0.00313	0.01335
150	1860	0.00333	0.01321
160	1860	0.00351	0.01305
170	1860	0.00369	0.01289
180	1860	0.00386	0.01273
190	1860	0.00402	0.01255
0	1870	0	0.01393
10	1870	0.00023	0.01392
20	1870	0.00046	0.01391
30	1870	0.00068	0.01388
40	1870	0.00091	0.01384
50	1870	0.00113	0.0138
60	1870	0.00135	0.01374
70	1870	0.00157	0.01367
80	1870	0.00179	0.0136
90	1870	0.002	0.01351
100	1870	0.00221	0.01341
110	1870	0.00241	0.01331
120	1870	0.00261	0.0132
130	1870	0.00281	0.01307
140	1870	0.003	0.01294
150	1870	0.00318	0.01281
160	1870	0.00336	0.01266
170	1870	0.00353	0.01251
180	1870	0.00369	0.01235
190	1870	0.00385	0.01219
0	1880	0	0.01348
10	1880	0.00022	0.01348
20	1880	0.00044	0.01346
30	1880	0.00065	0.01344
40	1880	0.00087	0.0134
50	1880	0.00108	0.01336
60	1880	0.00129	0.0133
70	1880	0.0015	0.01324
80	1880	0.00171	0.01317
90	1880	0.00191	0.01309
100	1880	0.00211	0.013
110	1880	0.00231	0.0129
120	1880	0.0025	0.01279
130	1880	0.00268	0.01267
140	1880	0.00287	0.01255
150	1880	0.00304	0.01242
160	1880	0.00321	0.01229
170	1880	0.00338	0.01214
180	1880	0.00354	0.01199
190	1880	0.00369	0.01184
0	1890	0	0.01305
10	1890	0.00021	0.01305
20	1890	0.00042	0.01304
30	1890	0.00062	0.01301
40	1890	0.00083	0.01298
50	1890	0.00103	0.01294
60	1890	0.00124	0.01289
70	1890	0.00144	0.01283
80	1890	0.00163	0.01276
90	1890	0.00183	0.01268
100	1890	0.00202	0.0126
110	1890	0.00221	0.0125
120	1890	0.00239	0.0124
130	1890	0.00257	0.01229
140	1890	0.00274	0.01218
150	1890	0.00291	0.01205
160	1890	0.00308	0.01192
170	1890	0.00324	0.01179
180	1890	0.00339	0.01165
190	1890	0.00354	0.0115
0	1900	0	0.01265
10	1900	0.0002	0.01264
20	1900	0.0004	0.01263
30	1900	0.0006	0.01261
40	1900	0.00079	0.01258
50	1900	0.00099	0.01254
60	1900	0.00118	0.01249
70	1900	0.00137	0.01243
80	1900	0.00156	0.01237
90	1900	0.00175	0.01229
100	1900	0.00193	0.01221
110	1900	0.00211	0.01212
120	1900	0.00229	0.01203
130	1900	0.00246	0.01193
140	1900	0.00263	0.01182
150	1900	0.00279	0.0117
160	1900	0.00295	0.01158
170	1900	0.0031	0.01145
180	1900	0.00325	0.01131
190	1900	0.00339	0.01117
0	1910	0	0.01226
10	1910	0.00019	0.01225
20	1910	0.00038	0.01224
30	1910	0.00057	0.01222
40	1910	0.00076	0.01219
50	1910	0.00095	0.01215
60	1910	0.00113	0.01211
70	1910	0.00132	0.01205
80	1910	0.0015	0.01199
90	1910	0.00168	0.01192
100	1910	0.00185	0.01185
110	1910	0.00202	0.01176
120	1910	0.00219	0.01167
130	1910	0.00236	0.01157
140	1910	0.00252	0.01147
150	1910	0.00267	0.01136
160	1910	0.00283	0.01124
170	1910	0.00297	0.01112
180	1910	0.00311	0.011
190	1910	0.00325	0.01086
0	1920	0	0.01188
10	1920	0.00018	0.01188
20	1920	0.00036	0.01187
30	1920	0.00055	0.01185
40	1920	0.00073	0.01182
50	1920	0.00091	0.01178
60	1920	0.00108	0.01174
70	1920	0.00126	0.01169
80	1920	0.00143	0.01163
90	1920	0.0016	0.01157
100	1920	0.00177	0.0115
110	1920	0.00194	0.01142
120	1920	0.0021	0.01133
130	1920	0.00226	0.01124
140	1920	0.00241	0.01114
150	1920	0.00256	0.01103
160	1920	0.00271	0.01092
170	1920	0.00285	0.01081
180	1920	0.00299	0.01069
190	1920	0.00312	0.01056
0	1930	0	0.01153
10	1930	0.00017	0.01152
20	1930	0.00035	0.01151
30	1930	0.00052	0.01149
40	1930	0.0007	0.01147
50	1930	0.00087	0.01143
60	1930	0.00104	0.01139
70	1930	0.00121	0.01134
80	1930	0.00137	0.01129
90	1930	0.00154	0.01123
100	1930	0.0017	0.01116
110	1930	0.00186	0.01108
120	1930	0.00201	0.011
130	1930	0.00217	0.01091
140	1930	0.00231	0.01082
150	1930	0.00246	0.01072
160	1930	0.0026	0.01062
170	1930	0.00274	0.01051
180	1930	0.00287	0.01039
190	1930	0.003	0.01027
0	1940	0	0.01118
10	1940	0.00017	0.01118
20	1940	0.00033	0.01117
30	1940	0.0005	0.01115
40	1940	0.00067	0.01113
50	1940	0.00083	0.01109
60	1940	0.001	0.01106
70	1940	0.00116	0.01101
80	1940	0.00132	0.01096
90	1940	0.00147	0.0109
100	1940	0.00163	0.01083
110	1940	0.00178	0.01076
120	1940	0.00193	0.01069
130	1940	0.00208	0.0106
140	1940	0.00222	0.01052
150	1940	0.00236	0.01042
160	1940	0.0025	0.01032
170	1940	0.00263	0.01022
180	1940	0.00275	0.01011
190	1940	0.00288	0.01
0	1950	0	0.01085
10	1950	0.00016	0.01085
20	1950	0.00032	0.01084
30	1950	0.00048	0.01082
40	1950	0.00064	0.0108
50	1950	0.0008	0.01077
60	1950	0.00095	0.01073
70	1950	0.00111	0.01069
80	1950	0.00126	0.01064
90	1950	0.00141	0.01059
100	1950	0.00156	0.01052
110	1950	0.00171	0.01046
120	1950	0.00185	0.01038
130	1950	0.00199	0.01031
140	1950	0.00213	0.01022
150	1950	0.00227	0.01013
160	1950	0.0024	0.01004
170	1950	0.00252	0.00994
180	1950	0.00265	0.00984
190	1950	0.00277	0.00973
0	1960	0	0.01054
10	1960	0.00015	0.01054
20	1960	0.00031	0.01053
30	1960	0.00046	0.01051
40	1960	0.00061	0.01049
50	1960	0.00077	0.01046
60	1960	0.00092	0.01043
70	1960	0.00106	0.01038
80	1960	0.00121	0.01034
90	1960	0.00136	0.01029
100	1960	0.0015	0.01023
110	1960	0.00164	0.01016
120	1960	0.00178	0.01009
130	1960	0.00191	0.01002
140	1960	0.00205	0.00994
150	1960	0.00218	0.00985
160	1960	0.0023	0.00976
170	1960	0.00242	0.00967
180	1960	0.00254	0.00957
190	1960	0.00266	0.00947
0	1970	0	0.01024
10	1970	0.00015	0.01023
20	1970	0.0003	0.01023
30	1970	0.00044	0.01021
40	1970	0.00059	0.01019
50	1970	0.00073	0.01016
60	1970	0.00088	0.01013
70	1970	0.00102	0.01009
80	1970	0.00116	0.01005
90	1970	0.0013	0.01
100	1970	0.00144	0.00994
110	1970	0.00158	0.00988
120	1970	0.00171	0.00981
130	1970	0.00184	0.00974
140	1970	0.00197	0.00967
150	1970	0.00209	0.00959
160	1970	0.00221	0.0095
170	1970	0.00233	0.00941
180	1970	0.00245	0.00932
190	1970	0.00256	0.00922
0	1980	0	0.00995
10	1980	0.00014	0.00994
20	1980	0.00028	0.00994
30	1980	0.00043	0.00992
40	1980	0.00057	0.0099
50	1980	0.00071	0.00988
60	1980	0.00084	0.00984
70	1980	0.00098	0.00981
80	1980	0.00112	0.00977
90	1980	0.00125	0.00972
100	1980	0.00138	0.00967
110	1980	0.00151	0.00961
120	1980	0.00164	0.00955
130	1980	0.00177	0.00948
140	1980	0.00189	0.00941
150	1980	0.00201	0.00933
160	1980	0.00213	0.00925
170	1980	0.00224	0.00916
180	1980	0.00235	0.00907
190	1980	0.00246	0.00898
0	1990	0	0.00967
10	1990	0.00014	0.00967
20	1990	0.00027	0.00966
30	1990	0.00041	0.00964
40	1990	0.00054	0.00963
50	1990	0.00068	0.0096
60	1990	0.00081	0.00957
70	1990	0.00094	0.00954
80	1990	0.00107	0.0095
90	1990	0.0012	0.00945
100	1990	0.00133	0.0094
110	1990	0.00146	0.00935
120	1990	0.00158	0.00929
130	1990	0.0017	0.00922
140	1990	0.00182	0.00915
150	1990	0.00193	0.00908
160	1990	0.00205	0.009
170	1990	0.00216	0.00892
180	1990	0.00226	0.00884
190	1990	0.00237	0.00875
0	2000	0	0.0094
10	2000	0.00013	0.0094
20	2000	0.00026	0.00939
30	2000	0.00039	0.00938
40	2000	0.00052	0.00936
50	2000	0.00065	0.00934
60	2000	0.00078	0.00931
70	2000	0.00091	0.00928
80	2000	0.00103	0.00924
90	2000	0.00116	0.00919
100	2000	0.00128	0.00915
110	2000	0.0014	0.00909
120	2000	0.00152	0.00904
130	2000	0.00163	0.00898
140	2000	0.00175	0.00891
150	2000	0.00186	0.00884
160	2000	0.00197	0.00877
170	2000	0.00208	0.00869
180	2000	0.00218	0.00861
190	2000	0.00228	0.00853
