Xcoord	Ycoord	Beam	chan0	chan0 norm	chan2	chan2 norm	chan3	chan3 norm	
-30	-30	1.75	1.4	0.8	0	0	0	0
-25	-30	1.75	2.93	1.67	0	0	0	0
-20	-30	1.75	5.36	3.06	0	0	0	0
-15	-30	1.75	9.25	5.28	0	0	0	0
-10	-30	1.75	13.94	7.98	0	0	0	0
-5	-30	1.75	18.39	10.49	0	0	0	0
0	-30	0.94	11.33	12.05	0	0	0	0
5	-30	1.58	18.46	11.69	0	0	0	0
10	-30	1.71	16.59	9.7	0	0	0	0
15	-30	1.74	11.72	6.75	0	0	0	0
20	-30	1.75	7.22	4.13	0	0	0	0
25	-30	1.75	4.06	2.32	0	0	0	0
30	-30	1.75	2.18	1.24	0	0	0	0
-30	-25	1.75	2.65	1.51	0	0	0	0
-25	-25	1.75	6.13	3.49	0	0	0	0
-20	-25	1.75	12.28	7	0	0	0	0
-15	-25	1.75	22.26	12.7	0	0	0	0
-10	-25	1.75	35.1	20.02	0	0	0	0
-5	-25	1.75	47.88	27.31	0	0	0	0
0	-25	1.75	55.63	31.73	0	0	0	0
5	-25	1.75	54.04	30.82	0	0	0	0
10	-25	1.75	43.07	24.57	0	0	0	0
15	-25	1.75	28.02	15.99	0	0	0	0
20	-25	1.75	15.28	8.72	0	0	0	0
25	-25	1.75	7.43	4.24	0	0	0	0
30	-25	1.75	3.48	1.99	0	0	0	0
-30	-20	1.75	4.77	2.72	0	0	0	0
-25	-20	1.75	11.92	6.8	0	0	0	0
-20	-20	1.75	25.57	14.58	0	0	0	0
-15	-20	1.75	47.93	27.34	0	0	0	0
-10	-20	1.75	78.65	44.87	0	0	0	0
-5	-20	1.75	110.43	63.24	0	0	0	0
0	-20	1.75	130.9	74.67	0	0	0	0
5	-20	1.11	80.42	72.21	0	0	0	0
10	-20	1.6	88.85	55.4	0	0	0	0
15	-20	1.72	58.53	34.07	0	0	0	0
20	-20	1.75	29.96	17.16	0	0	0	0
25	-20	1.75	13.33	7.61	0	0	0	0
30	-20	1.75	5.33	3.05	0	0	0	0
-30	-15	1.75	8.44	4.81	0	0	0	0
-25	-15	1.75	21.26	12.13	0	0	0	0
-20	-15	1.75	47.16	26.89	0	0	0	0
-15	-15	1.75	90.04	51.35	0	0	0	0
-10	-15	1.75	149.38	85.19	0	0	0	0
-5	-15	1.75	211.82	120.81	0	0	0	0
0	-15	1.75	246.37	140.53	0	0	0	0
5	-15	1.75	234.98	134.01	0	0	0	0
10	-15	1.75	177.53	101.25	0	0	0	0
15	-15	1.75	104.73	59.73	0	0	0	0
20	-15	1.75	49.75	28.38	0	0	0	0
25	-15	1.75	20.21	11.53	0	0	0	0
30	-15	1.75	7.42	4.23	0	0	0	0
-30	-10	1.75	12.81	7.31	0	0	0	0
-25	-10	1.75	33.46	19.09	0	0	0	0
-20	-10	1.75	73.88	42.13	0	0	0	0
-15	-10	1.75	142.29	81.19	0	0	0	0
-10	-10	1.75	232.93	132.91	0	0	0	0
-5	-10	1.75	323.91	184.75	0	0	0	0
0	-10	1.75	368.49	210.2	0	0	0	0
5	-10	1.34	242.16	180.63	0	0	0	0
10	-10	0.84	118.16	140.71	0	0	0	0
15	-10	1.57	125.99	80.1	0	0	0	0
20	-10	1.71	60.78	35.53	0	0	0	0
25	-10	1.74	23.73	13.62	0	0	0	0
30	-10	1.75	8.25	4.71	0	0	0	0
-30	-5	1.75	16.81	9.58	0	0	0	0
-25	-5	1.75	42.16	24.05	0	0	0	0
-20	-5	1.75	93.99	53.62	0	0	0	0
-15	-5	1.75	180.43	102.93	0	0	0	0
-10	-5	1.75	295.29	168.45	0	0	0	0
-5	-5	1.75	398.77	227.44	0	0	0	0
0	-5	1.75	434.39	247.8	0	0	0	0
5	-5	1.75	378.98	216.14	0	0	0	0
10	-5	1.75	263.45	150.25	0	0	0	0
15	-5	1.75	141.52	80.74	0	0	0	0
20	-5	1.75	60.8	34.69	0	0	0	0
25	-5	1.75	22.78	13	0	0	0	0
30	-5	1.75	7.62	4.34	0	0	0	0
-30	0	1.75	18.17	10.37	0	0	0	0
-25	0	1.75	43.47	24.81	0	0	0	0
-20	0	1.75	94.4	53.84	0	0	0	0
-15	0	1.75	182.74	104.24	0	0	0	0
-10	0	1.75	302.12	172.34	0	0	0	0
-5	0	1.75	393.9	224.72	0	0	0	0
0	0	1.75	410.19	233.99	0	0	0	0
5	0	1.75	337.93	192.78	0	0	0	0
10	0	1.76	222.42	126.67	0	0	0	0
15	0	1.75	114.36	65.26	0	0	0	0
20	0	1.75	48.17	27.48	0	0	0	0
25	0	1.75	17.6	10.08	0	0	0	0
30	0	1.75	5.78	3.29	0	0	0	0
-30	5	1.75	16.64	9.48	0	0	0	0
-25	5	1.75	38.05	21.69	0	0	0	0
-20	5	1.75	80.91	46.12	0	0	0	0
-15	5	1.75	151.89	86.59	0	0	0	0
-10	5	1.75	240.68	137.29	0	0	0	0
-5	5	1.75	312.74	178.34	0	0	0	0
0	5	1.75	309.42	176.42	0	0	0	0
5	5	1.75	238.47	135.98	0	0	0	0
10	5	1.75	147.76	84.25	0	0	0	0
15	5	1.76	74.67	42.51	0	0	0	0
20	5	1.76	29.55	16.84	0	0	0	0
25	5	1.75	11.07	6.31	0	0	0	0
30	5	1.75	4.01	2.29	0	0	0	0
-30	10	1.75	14.43	8.23	0	0	0	0
-25	10	1.75	30.7	17.51	0	0	0	0
-20	10	1.75	60.72	34.64	0	0	0	0
-15	10	1.75	107.69	61.44	0	0	0	0
-10	10	1.75	163.82	93.42	0	0	0	0
-5	10	1.75	199.04	113.46	0	0	0	0
0	10	1.75	188.74	107.63	0	0	0	0
5	10	1.75	140.39	80.09	0	0	0	0
10	10	1.75	84.39	48.16	0	0	0	0
15	10	1.75	41.94	23.93	0	0	0	0
20	10	1.75	18.29	10.44	0	0	0	0
25	10	1.75	6.75	3.85	0	0	0	0
30	10	1.75	2.71	1.54	0	0	0	0
-30	15	1.75	10.25	5.85	0	0	0	0
-25	15	1.75	20.54	11.72	0	0	0	0
-20	15	1.75	37.53	21.41	0	0	0	0
-15	15	1.75	62.97	35.91	0	0	0	0
-10	15	1.75	90.72	51.73	0	0	0	0
-5	15	1.75	105.12	59.97	0	0	0	0
0	15	1.75	97.26	55.49	0	0	0	0
5	15	1.75	70.83	40.4	0	0	0	0
10	15	1.75	42.54	24.26	0	0	0	0
15	15	1.75	21.66	12.35	0	0	0	0
20	15	1.75	9.96	5.68	0	0	0	0
25	15	1.75	4.36	2.49	0	0	0	0
30	15	1.75	1.76	1.01	0	0	0	0
-30	20	1.75	6.63	3.78	0	0	0	0
-25	20	1.75	12.2	6.96	0	0	0	0
-20	20	1.75	20.98	11.96	0	0	0	0
-15	20	1.75	32.6	18.59	0	0	0	0
-10	20	1.75	43.86	25.01	0	0	0	0
-5	20	1.75	49.55	28.25	0	0	0	0
0	20	1.75	45.4	25.88	0	0	0	0
5	20	1.75	33.42	19.06	0	0	0	0
10	20	1.75	20.89	11.91	0	0	0	0
15	20	1.75	11	6.27	0	0	0	0
20	20	1.75	5.52	3.15	0	0	0	0
25	20	1.75	2.69	1.53	0	0	0	0
30	20	1.75	1.44	0.82	0	0	0	0
-30	25	1.75	3.8	2.17	0	0	0	0
-25	25	1.75	6.75	3.85	0	0	0	0
-20	25	1.75	10.74	6.12	0	0	0	0
-15	25	1.75	15.87	9.05	0	0	0	0
-10	25	1.75	20.51	11.69	0	0	0	0
-5	25	1.75	22.21	12.67	0	0	0	0
0	25	1.75	20.17	11.5	0	0	0	0
5	25	1.75	15.18	8.66	0	0	0	0
10	25	1.75	9.73	5.55	0	0	0	0
15	25	1.75	5.49	3.13	0	0	0	0
20	25	1.75	2.98	1.7	0	0	0	0
25	25	1.75	1.62	0.92	0	0	0	0
30	25	1.75	0.97	0.55	0	0	0	0
-30	30	1.75	2.07	1.18	0	0	0	0
-25	30	1.75	3.53	2.01	0	0	0	0
-20	30	1.75	5.38	3.07	0	0	0	0
-15	30	1.75	7.43	4.24	0	0	0	0
-10	30	1.75	9.17	5.23	0	0	0	0
-5	30	1.75	9.62	5.48	0	0	0	0
0	30	1.75	8.64	4.92	0	0	0	0
5	30	1.75	6.74	3.84	0	0	0	0
10	30	1.75	4.47	2.55	0	0	0	0
15	30	1.75	2.74	1.56	0	0	0	0
20	30	1.75	1.59	0.91	0	0	0	0
25	30	1.75	1.01	0.57	0	0	0	0
30	30	1.75	0.63	0.36	0	0	0	0
